-1.300000000000000000e+01 -9.000000000000000000e+00 1.000000000000000000e+00
-6.000000000000000000e+00 0.000000000000000000e+00 5.000000000000000000e+00
-1.300000000000000000e+01 8.000000000000000000e+00 8.000000000000000000e+00
-6.000000000000000000e+00 4.000000000000000000e+00 2.900000000000000000e+01
-9.000000000000000000e+00 6.000000000000000000e+00 6.700000000000000000e+01
-2.100000000000000000e+01 7.000000000000000000e+00 6.900000000000000000e+01
-1.500000000000000000e+01 -8.000000000000000000e+00 7.500000000000000000e+01
-1.500000000000000000e+01 -1.000000000000000000e+00 7.800000000000000000e+01
-7.000000000000000000e+00 3.000000000000000000e+00 8.200000000000000000e+01
-8.000000000000000000e+00 6.000000000000000000e+00 8.700000000000000000e+01
-1.500000000000000000e+01 -1.000000000000000000e+00 9.300000000000000000e+01
-1.500000000000000000e+01 -8.000000000000000000e+00 9.700000000000000000e+01
-9.000000000000000000e+00 6.000000000000000000e+00 9.800000000000000000e+01
-2.100000000000000000e+01 9.000000000000000000e+00 1.060000000000000000e+02
-7.000000000000000000e+00 2.000000000000000000e+00 1.080000000000000000e+02
-9.000000000000000000e+00 5.000000000000000000e+00 1.590000000000000000e+02
-1.300000000000000000e+01 8.000000000000000000e+00 1.800000000000000000e+02
-6.000000000000000000e+00 0.000000000000000000e+00 1.810000000000000000e+02
-6.000000000000000000e+00 0.000000000000000000e+00 1.930000000000000000e+02
-6.000000000000000000e+00 1.000000000000000000e+00 1.980000000000000000e+02
-6.000000000000000000e+00 5.000000000000000000e+00 2.280000000000000000e+02
-7.000000000000000000e+00 -2.000000000000000000e+00 2.490000000000000000e+02
-9.000000000000000000e+00 1.000000000000000000e+00 2.510000000000000000e+02
-1.300000000000000000e+01 1.200000000000000000e+01 2.560000000000000000e+02
-1.000000000000000000e+01 -1.000000000000000000e+00 2.600000000000000000e+02
-1.200000000000000000e+01 4.000000000000000000e+00 2.640000000000000000e+02
-1.200000000000000000e+01 4.000000000000000000e+00 2.650000000000000000e+02
-1.300000000000000000e+01 0.000000000000000000e+00 2.670000000000000000e+02
-8.000000000000000000e+00 0.000000000000000000e+00 2.680000000000000000e+02
-1.800000000000000000e+01 0.000000000000000000e+00 2.810000000000000000e+02
-1.300000000000000000e+01 1.200000000000000000e+01 2.950000000000000000e+02
-1.200000000000000000e+01 1.000000000000000000e+00 3.070000000000000000e+02
-1.300000000000000000e+01 0.000000000000000000e+00 3.170000000000000000e+02
-6.000000000000000000e+00 -3.000000000000000000e+00 3.220000000000000000e+02
-7.000000000000000000e+00 -2.000000000000000000e+00 3.270000000000000000e+02
-1.800000000000000000e+01 0.000000000000000000e+00 3.300000000000000000e+02
-1.300000000000000000e+01 -6.000000000000000000e+00 3.310000000000000000e+02
-1.300000000000000000e+01 1.200000000000000000e+01 3.380000000000000000e+02
-1.000000000000000000e+01 -1.000000000000000000e+00 3.470000000000000000e+02
-1.300000000000000000e+01 -6.000000000000000000e+00 3.570000000000000000e+02
-1.100000000000000000e+01 -6.000000000000000000e+00 3.620000000000000000e+02
-1.500000000000000000e+01 2.000000000000000000e+00 3.640000000000000000e+02
-8.000000000000000000e+00 -5.000000000000000000e+00 3.650000000000000000e+02
-1.100000000000000000e+01 -6.000000000000000000e+00 3.740000000000000000e+02
-8.000000000000000000e+00 -5.000000000000000000e+00 3.770000000000000000e+02
-8.000000000000000000e+00 -5.000000000000000000e+00 3.780000000000000000e+02
-9.000000000000000000e+00 -3.000000000000000000e+00 3.800000000000000000e+02
-1.300000000000000000e+01 1.200000000000000000e+01 3.890000000000000000e+02
-9.000000000000000000e+00 -3.000000000000000000e+00 3.930000000000000000e+02
-9.000000000000000000e+00 -5.000000000000000000e+00 3.940000000000000000e+02
-1.600000000000000000e+01 5.000000000000000000e+00 3.960000000000000000e+02
-1.100000000000000000e+01 -4.000000000000000000e+00 4.160000000000000000e+02
-1.700000000000000000e+01 5.000000000000000000e+00 4.180000000000000000e+02
-1.000000000000000000e+01 8.000000000000000000e+00 4.300000000000000000e+02
-1.100000000000000000e+01 -4.000000000000000000e+00 4.460000000000000000e+02
-1.500000000000000000e+01 2.000000000000000000e+00 4.490000000000000000e+02
-6.000000000000000000e+00 -3.000000000000000000e+00 4.550000000000000000e+02
-1.200000000000000000e+01 1.000000000000000000e+00 4.590000000000000000e+02
