-1.000000000000000000e+01 8.000000000000000000e+00 0.000000000000000000e+00
4.000000000000000000e+00 -2.000000000000000000e+00 1.000000000000000000e+00
-2.000000000000000000e+00 0.000000000000000000e+00 9.000000000000000000e+00
0.000000000000000000e+00 -1.000000000000000000e+00 1.900000000000000000e+01
0.000000000000000000e+00 -1.000000000000000000e+00 2.200000000000000000e+01
-5.000000000000000000e+00 0.000000000000000000e+00 2.400000000000000000e+01
-1.500000000000000000e+01 1.000000000000000000e+00 2.700000000000000000e+01
0.000000000000000000e+00 -1.000000000000000000e+00 3.100000000000000000e+01
-1.000000000000000000e+00 -2.000000000000000000e+00 3.400000000000000000e+01
-4.000000000000000000e+00 -1.000000000000000000e+00 4.100000000000000000e+01
-2.000000000000000000e+00 0.000000000000000000e+00 4.700000000000000000e+01
-4.000000000000000000e+00 0.000000000000000000e+00 5.100000000000000000e+01
-4.000000000000000000e+00 0.000000000000000000e+00 5.300000000000000000e+01
-1.400000000000000000e+01 -2.000000000000000000e+00 5.700000000000000000e+01
-1.200000000000000000e+01 2.000000000000000000e+00 6.300000000000000000e+01
2.000000000000000000e+00 -1.000000000000000000e+00 6.500000000000000000e+01
-4.000000000000000000e+00 3.000000000000000000e+00 6.900000000000000000e+01
-5.000000000000000000e+00 -1.000000000000000000e+00 7.000000000000000000e+01
0.000000000000000000e+00 0.000000000000000000e+00 7.700000000000000000e+01
4.000000000000000000e+00 0.000000000000000000e+00 7.800000000000000000e+01
3.000000000000000000e+00 1.000000000000000000e+00 7.900000000000000000e+01
-1.100000000000000000e+01 -1.000000000000000000e+00 8.200000000000000000e+01
0.000000000000000000e+00 0.000000000000000000e+00 8.300000000000000000e+01
4.000000000000000000e+00 0.000000000000000000e+00 9.300000000000000000e+01
2.000000000000000000e+00 -2.000000000000000000e+00 9.400000000000000000e+01
-4.000000000000000000e+00 0.000000000000000000e+00 1.000000000000000000e+02
-1.200000000000000000e+01 2.000000000000000000e+00 1.020000000000000000e+02
1.000000000000000000e+00 -1.000000000000000000e+00 1.030000000000000000e+02
2.000000000000000000e+00 -1.000000000000000000e+00 1.070000000000000000e+02
-1.100000000000000000e+01 -1.000000000000000000e+00 1.080000000000000000e+02
-9.000000000000000000e+00 -2.000000000000000000e+00 1.090000000000000000e+02
-7.000000000000000000e+00 -1.000000000000000000e+00 1.100000000000000000e+02
-1.400000000000000000e+01 -2.000000000000000000e+00 1.110000000000000000e+02
-4.000000000000000000e+00 1.000000000000000000e+00 1.130000000000000000e+02
-1.000000000000000000e+00 0.000000000000000000e+00 1.140000000000000000e+02
-6.000000000000000000e+00 -1.000000000000000000e+00 1.150000000000000000e+02
-7.000000000000000000e+00 -2.000000000000000000e+00 1.240000000000000000e+02
-3.000000000000000000e+00 -3.000000000000000000e+00 1.310000000000000000e+02
-9.000000000000000000e+00 -2.000000000000000000e+00 1.320000000000000000e+02
-9.000000000000000000e+00 0.000000000000000000e+00 1.360000000000000000e+02
-5.000000000000000000e+00 -3.000000000000000000e+00 1.430000000000000000e+02
-7.000000000000000000e+00 0.000000000000000000e+00 1.460000000000000000e+02
-1.000000000000000000e+00 1.000000000000000000e+00 1.500000000000000000e+02
-8.000000000000000000e+00 -1.000000000000000000e+00 1.550000000000000000e+02
3.000000000000000000e+00 -2.000000000000000000e+00 1.570000000000000000e+02
-8.000000000000000000e+00 -3.000000000000000000e+00 1.590000000000000000e+02
-5.000000000000000000e+00 1.000000000000000000e+00 1.610000000000000000e+02
-2.000000000000000000e+00 0.000000000000000000e+00 1.620000000000000000e+02
-8.000000000000000000e+00 -2.000000000000000000e+00 1.650000000000000000e+02
2.000000000000000000e+00 -1.000000000000000000e+00 1.660000000000000000e+02
-4.000000000000000000e+00 -1.000000000000000000e+00 1.680000000000000000e+02
0.000000000000000000e+00 -3.000000000000000000e+00 1.750000000000000000e+02
-6.000000000000000000e+00 -2.000000000000000000e+00 1.840000000000000000e+02
0.000000000000000000e+00 0.000000000000000000e+00 1.860000000000000000e+02
-7.000000000000000000e+00 -3.000000000000000000e+00 1.870000000000000000e+02
-4.000000000000000000e+00 1.000000000000000000e+00 1.890000000000000000e+02
-2.000000000000000000e+00 -2.000000000000000000e+00 1.990000000000000000e+02
-3.000000000000000000e+00 -2.000000000000000000e+00 2.080000000000000000e+02
-1.000000000000000000e+01 8.000000000000000000e+00 2.130000000000000000e+02
-2.000000000000000000e+00 1.000000000000000000e+00 2.160000000000000000e+02
-1.500000000000000000e+01 1.000000000000000000e+00 2.220000000000000000e+02
-8.000000000000000000e+00 -2.000000000000000000e+00 2.230000000000000000e+02
-3.000000000000000000e+00 0.000000000000000000e+00 2.270000000000000000e+02
-5.000000000000000000e+00 3.000000000000000000e+00 2.320000000000000000e+02
1.000000000000000000e+00 3.000000000000000000e+00 2.330000000000000000e+02
1.000000000000000000e+00 5.000000000000000000e+00 2.380000000000000000e+02
-8.000000000000000000e+00 1.000000000000000000e+00 2.440000000000000000e+02
-1.000000000000000000e+00 6.000000000000000000e+00 2.460000000000000000e+02
-6.000000000000000000e+00 8.000000000000000000e+00 2.580000000000000000e+02
0.000000000000000000e+00 8.000000000000000000e+00 2.700000000000000000e+02
0.000000000000000000e+00 8.000000000000000000e+00 2.780000000000000000e+02
1.000000000000000000e+00 6.000000000000000000e+00 2.820000000000000000e+02
0.000000000000000000e+00 -3.000000000000000000e+00 2.870000000000000000e+02
1.000000000000000000e+00 1.000000000000000000e+00 2.910000000000000000e+02
0.000000000000000000e+00 7.000000000000000000e+00 2.970000000000000000e+02
1.000000000000000000e+00 6.000000000000000000e+00 3.060000000000000000e+02
-2.000000000000000000e+00 3.000000000000000000e+00 3.090000000000000000e+02
0.000000000000000000e+00 4.000000000000000000e+00 3.180000000000000000e+02
-8.000000000000000000e+00 1.000000000000000000e+00 3.280000000000000000e+02
1.000000000000000000e+00 3.000000000000000000e+00 3.290000000000000000e+02
-2.000000000000000000e+00 4.000000000000000000e+00 3.310000000000000000e+02
0.000000000000000000e+00 -2.000000000000000000e+00 3.350000000000000000e+02
-6.000000000000000000e+00 8.000000000000000000e+00 3.410000000000000000e+02
-2.000000000000000000e+00 1.100000000000000000e+01 3.420000000000000000e+02
-4.000000000000000000e+00 5.000000000000000000e+00 3.430000000000000000e+02
-1.000000000000000000e+00 8.000000000000000000e+00 3.460000000000000000e+02
-7.000000000000000000e+00 6.000000000000000000e+00 3.530000000000000000e+02
-2.000000000000000000e+00 4.000000000000000000e+00 3.570000000000000000e+02
-2.000000000000000000e+00 1.100000000000000000e+01 3.580000000000000000e+02
0.000000000000000000e+00 5.000000000000000000e+00 3.610000000000000000e+02
-1.200000000000000000e+01 8.000000000000000000e+00 3.620000000000000000e+02
-4.000000000000000000e+00 1.000000000000000000e+01 3.640000000000000000e+02
0.000000000000000000e+00 3.000000000000000000e+00 3.670000000000000000e+02
-3.000000000000000000e+00 8.000000000000000000e+00 3.680000000000000000e+02
0.000000000000000000e+00 4.000000000000000000e+00 3.700000000000000000e+02
-1.000000000000000000e+00 6.000000000000000000e+00 3.710000000000000000e+02
-1.200000000000000000e+01 8.000000000000000000e+00 3.740000000000000000e+02
-5.000000000000000000e+00 1.300000000000000000e+01 3.750000000000000000e+02
-6.000000000000000000e+00 1.000000000000000000e+01 3.770000000000000000e+02
-8.000000000000000000e+00 3.000000000000000000e+00 3.820000000000000000e+02
-4.000000000000000000e+00 5.000000000000000000e+00 3.860000000000000000e+02
-6.000000000000000000e+00 8.000000000000000000e+00 3.910000000000000000e+02
0.000000000000000000e+00 1.000000000000000000e+00 3.920000000000000000e+02
-6.000000000000000000e+00 1.000000000000000000e+01 3.940000000000000000e+02
-9.000000000000000000e+00 1.000000000000000000e+01 3.960000000000000000e+02
0.000000000000000000e+00 -2.000000000000000000e+00 3.990000000000000000e+02
-9.000000000000000000e+00 2.000000000000000000e+00 4.030000000000000000e+02
-7.000000000000000000e+00 6.000000000000000000e+00 4.060000000000000000e+02
-5.000000000000000000e+00 1.300000000000000000e+01 4.070000000000000000e+02
-2.000000000000000000e+00 7.000000000000000000e+00 4.090000000000000000e+02
-1.000000000000000000e+00 6.000000000000000000e+00 4.100000000000000000e+02
-8.000000000000000000e+00 3.000000000000000000e+00 4.110000000000000000e+02
-9.000000000000000000e+00 1.000000000000000000e+01 4.180000000000000000e+02
-2.000000000000000000e+00 7.000000000000000000e+00 4.200000000000000000e+02
2.000000000000000000e+00 0.000000000000000000e+00 4.250000000000000000e+02
-3.000000000000000000e+00 8.000000000000000000e+00 4.280000000000000000e+02
-1.000000000000000000e+01 4.000000000000000000e+00 4.300000000000000000e+02
1.000000000000000000e+00 0.000000000000000000e+00 4.320000000000000000e+02
0.000000000000000000e+00 3.000000000000000000e+00 4.340000000000000000e+02
2.000000000000000000e+00 1.000000000000000000e+00 4.350000000000000000e+02
-8.000000000000000000e+00 1.300000000000000000e+01 4.370000000000000000e+02
0.000000000000000000e+00 2.000000000000000000e+00 4.430000000000000000e+02
-3.000000000000000000e+00 8.000000000000000000e+00 4.470000000000000000e+02
-4.000000000000000000e+00 1.000000000000000000e+01 4.490000000000000000e+02
1.000000000000000000e+00 1.000000000000000000e+00 4.540000000000000000e+02
-9.000000000000000000e+00 5.000000000000000000e+00 4.580000000000000000e+02
