-5.000000000000000000e+00 -2.000000000000000000e+00 0.000000000000000000e+00
-6.000000000000000000e+00 -3.000000000000000000e+00 1.000000000000000000e+00
-3.000000000000000000e+00 -2.000000000000000000e+00 2.000000000000000000e+00
5.000000000000000000e+00 -4.000000000000000000e+00 4.000000000000000000e+00
-1.100000000000000000e+01 -4.000000000000000000e+00 5.000000000000000000e+00
-7.000000000000000000e+00 -1.000000000000000000e+00 8.000000000000000000e+00
1.500000000000000000e+01 1.000000000000000000e+00 1.000000000000000000e+01
0.000000000000000000e+00 -3.000000000000000000e+00 1.200000000000000000e+01
-1.000000000000000000e+01 -2.000000000000000000e+00 1.600000000000000000e+01
1.000000000000000000e+01 2.000000000000000000e+00 1.800000000000000000e+01
-4.000000000000000000e+00 -2.000000000000000000e+00 2.200000000000000000e+01
-2.000000000000000000e+00 -3.000000000000000000e+00 2.300000000000000000e+01
-4.000000000000000000e+00 -5.000000000000000000e+00 2.400000000000000000e+01
-1.500000000000000000e+01 0.000000000000000000e+00 2.700000000000000000e+01
4.000000000000000000e+00 -2.000000000000000000e+00 3.000000000000000000e+01
-4.000000000000000000e+00 -3.000000000000000000e+00 3.100000000000000000e+01
-1.000000000000000000e+00 -4.000000000000000000e+00 3.200000000000000000e+01
-1.000000000000000000e+00 0.000000000000000000e+00 3.700000000000000000e+01
0.000000000000000000e+00 -3.000000000000000000e+00 3.800000000000000000e+01
-3.000000000000000000e+00 -3.000000000000000000e+00 3.900000000000000000e+01
-2.000000000000000000e+00 -5.000000000000000000e+00 4.600000000000000000e+01
-8.000000000000000000e+00 -3.000000000000000000e+00 4.800000000000000000e+01
1.000000000000000000e+01 -1.000000000000000000e+00 5.500000000000000000e+01
-1.100000000000000000e+01 0.000000000000000000e+00 5.700000000000000000e+01
1.000000000000000000e+00 -4.000000000000000000e+00 6.200000000000000000e+01
1.300000000000000000e+01 -1.000000000000000000e+00 6.500000000000000000e+01
-1.400000000000000000e+01 -5.000000000000000000e+00 6.900000000000000000e+01
0.000000000000000000e+00 -4.000000000000000000e+00 7.300000000000000000e+01
-1.400000000000000000e+01 1.000000000000000000e+00 7.500000000000000000e+01
1.000000000000000000e+00 -2.000000000000000000e+00 7.900000000000000000e+01
7.000000000000000000e+00 -5.000000000000000000e+00 8.200000000000000000e+01
7.000000000000000000e+00 0.000000000000000000e+00 8.300000000000000000e+01
3.000000000000000000e+00 -4.000000000000000000e+00 8.500000000000000000e+01
0.000000000000000000e+00 -5.000000000000000000e+00 9.400000000000000000e+01
9.000000000000000000e+00 -1.000000000000000000e+00 9.600000000000000000e+01
-1.400000000000000000e+01 1.000000000000000000e+00 9.700000000000000000e+01
-8.000000000000000000e+00 -3.000000000000000000e+00 1.010000000000000000e+02
1.300000000000000000e+01 -1.000000000000000000e+00 1.030000000000000000e+02
0.000000000000000000e+00 -4.000000000000000000e+00 1.040000000000000000e+02
-1.400000000000000000e+01 -5.000000000000000000e+00 1.060000000000000000e+02
1.300000000000000000e+01 -2.000000000000000000e+00 1.070000000000000000e+02
7.000000000000000000e+00 -5.000000000000000000e+00 1.080000000000000000e+02
-1.100000000000000000e+01 0.000000000000000000e+00 1.110000000000000000e+02
6.000000000000000000e+00 -1.000000000000000000e+00 1.140000000000000000e+02
7.000000000000000000e+00 -2.000000000000000000e+00 1.180000000000000000e+02
-3.000000000000000000e+00 -2.000000000000000000e+00 1.200000000000000000e+02
0.000000000000000000e+00 0.000000000000000000e+00 1.210000000000000000e+02
-1.000000000000000000e+00 -2.000000000000000000e+00 1.220000000000000000e+02
-2.000000000000000000e+00 -2.000000000000000000e+00 1.230000000000000000e+02
6.000000000000000000e+00 -2.000000000000000000e+00 1.260000000000000000e+02
-1.000000000000000000e+00 -5.000000000000000000e+00 1.280000000000000000e+02
5.000000000000000000e+00 -1.000000000000000000e+00 1.290000000000000000e+02
2.000000000000000000e+00 -4.000000000000000000e+00 1.310000000000000000e+02
8.000000000000000000e+00 -2.000000000000000000e+00 1.330000000000000000e+02
9.000000000000000000e+00 -4.000000000000000000e+00 1.360000000000000000e+02
3.000000000000000000e+00 -4.000000000000000000e+00 1.380000000000000000e+02
7.000000000000000000e+00 0.000000000000000000e+00 1.400000000000000000e+02
1.000000000000000000e+00 -2.000000000000000000e+00 1.460000000000000000e+02
3.000000000000000000e+00 -2.000000000000000000e+00 1.500000000000000000e+02
2.000000000000000000e+00 -5.000000000000000000e+00 1.560000000000000000e+02
-3.000000000000000000e+00 0.000000000000000000e+00 1.610000000000000000e+02
1.300000000000000000e+01 -2.000000000000000000e+00 1.660000000000000000e+02
1.000000000000000000e+01 2.000000000000000000e+00 1.700000000000000000e+02
-8.000000000000000000e+00 -3.000000000000000000e+00 1.720000000000000000e+02
1.500000000000000000e+01 1.000000000000000000e+00 1.780000000000000000e+02
-7.000000000000000000e+00 -1.000000000000000000e+00 1.800000000000000000e+02
2.000000000000000000e+00 -4.000000000000000000e+00 1.810000000000000000e+02
-1.000000000000000000e+01 -2.000000000000000000e+00 1.850000000000000000e+02
6.000000000000000000e+00 -1.000000000000000000e+00 1.910000000000000000e+02
-1.100000000000000000e+01 -4.000000000000000000e+00 1.930000000000000000e+02
5.000000000000000000e+00 -4.000000000000000000e+00 1.970000000000000000e+02
6.000000000000000000e+00 -2.000000000000000000e+00 2.020000000000000000e+02
-1.000000000000000000e+00 -2.000000000000000000e+00 2.100000000000000000e+02
-5.000000000000000000e+00 -2.000000000000000000e+00 2.130000000000000000e+02
0.000000000000000000e+00 -3.000000000000000000e+00 2.200000000000000000e+02
-1.500000000000000000e+01 0.000000000000000000e+00 2.220000000000000000e+02
-3.000000000000000000e+00 -4.000000000000000000e+00 2.260000000000000000e+02
-1.000000000000000000e+00 -4.000000000000000000e+00 2.270000000000000000e+02
-3.000000000000000000e+00 4.000000000000000000e+00 2.300000000000000000e+02
-8.000000000000000000e+00 1.000000000000000000e+00 2.310000000000000000e+02
4.000000000000000000e+00 0.000000000000000000e+00 2.320000000000000000e+02
1.000000000000000000e+00 3.000000000000000000e+00 2.340000000000000000e+02
-7.000000000000000000e+00 3.000000000000000000e+00 2.360000000000000000e+02
2.000000000000000000e+00 3.000000000000000000e+00 2.370000000000000000e+02
-9.000000000000000000e+00 4.000000000000000000e+00 2.380000000000000000e+02
-4.000000000000000000e+00 3.000000000000000000e+00 2.400000000000000000e+02
-4.000000000000000000e+00 0.000000000000000000e+00 2.410000000000000000e+02
3.000000000000000000e+00 2.000000000000000000e+00 2.430000000000000000e+02
0.000000000000000000e+00 2.000000000000000000e+00 2.440000000000000000e+02
0.000000000000000000e+00 4.000000000000000000e+00 2.470000000000000000e+02
-2.000000000000000000e+00 1.000000000000000000e+00 2.480000000000000000e+02
5.000000000000000000e+00 3.000000000000000000e+00 2.490000000000000000e+02
0.000000000000000000e+00 2.000000000000000000e+00 2.500000000000000000e+02
2.000000000000000000e+00 0.000000000000000000e+00 2.520000000000000000e+02
3.000000000000000000e+00 3.000000000000000000e+00 2.530000000000000000e+02
0.000000000000000000e+00 -1.000000000000000000e+00 2.550000000000000000e+02
-1.000000000000000000e+01 4.000000000000000000e+00 2.600000000000000000e+02
-5.000000000000000000e+00 3.000000000000000000e+00 2.610000000000000000e+02
-6.000000000000000000e+00 2.000000000000000000e+00 2.620000000000000000e+02
-5.000000000000000000e+00 1.000000000000000000e+00 2.630000000000000000e+02
-2.000000000000000000e+00 3.000000000000000000e+00 2.640000000000000000e+02
-2.000000000000000000e+00 3.000000000000000000e+00 2.650000000000000000e+02
-6.000000000000000000e+00 1.000000000000000000e+00 2.660000000000000000e+02
-7.000000000000000000e+00 4.000000000000000000e+00 2.680000000000000000e+02
2.000000000000000000e+00 -1.000000000000000000e+00 2.730000000000000000e+02
-2.000000000000000000e+00 4.000000000000000000e+00 2.740000000000000000e+02
1.000000000000000000e+00 1.000000000000000000e+00 2.750000000000000000e+02
0.000000000000000000e+00 3.000000000000000000e+00 2.880000000000000000e+02
1.000000000000000000e+00 5.000000000000000000e+00 2.910000000000000000e+02
3.000000000000000000e+00 0.000000000000000000e+00 2.920000000000000000e+02
3.000000000000000000e+00 0.000000000000000000e+00 2.940000000000000000e+02
7.000000000000000000e+00 4.000000000000000000e+00 2.960000000000000000e+02
4.000000000000000000e+00 5.000000000000000000e+00 2.990000000000000000e+02
3.000000000000000000e+00 2.000000000000000000e+00 3.000000000000000000e+02
-8.000000000000000000e+00 1.000000000000000000e+00 3.010000000000000000e+02
2.000000000000000000e+00 -1.000000000000000000e+00 3.020000000000000000e+02
-6.000000000000000000e+00 1.000000000000000000e+00 3.030000000000000000e+02
1.000000000000000000e+01 5.000000000000000000e+00 3.040000000000000000e+02
3.000000000000000000e+00 1.000000000000000000e+00 3.050000000000000000e+02
-1.000000000000000000e+00 3.000000000000000000e+00 3.090000000000000000e+02
2.000000000000000000e+00 1.000000000000000000e+00 3.120000000000000000e+02
3.000000000000000000e+00 4.000000000000000000e+00 3.130000000000000000e+02
-2.000000000000000000e+00 4.000000000000000000e+00 3.140000000000000000e+02
1.000000000000000000e+00 1.000000000000000000e+00 3.160000000000000000e+02
0.000000000000000000e+00 5.000000000000000000e+00 3.180000000000000000e+02
-2.000000000000000000e+00 1.000000000000000000e+00 3.190000000000000000e+02
-3.000000000000000000e+00 4.000000000000000000e+00 3.200000000000000000e+02
-1.000000000000000000e+01 4.000000000000000000e+00 3.210000000000000000e+02
0.000000000000000000e+00 0.000000000000000000e+00 3.220000000000000000e+02
0.000000000000000000e+00 -1.000000000000000000e+00 3.250000000000000000e+02
6.000000000000000000e+00 2.000000000000000000e+00 3.260000000000000000e+02
5.000000000000000000e+00 3.000000000000000000e+00 3.270000000000000000e+02
0.000000000000000000e+00 2.000000000000000000e+00 3.280000000000000000e+02
0.000000000000000000e+00 5.000000000000000000e+00 3.330000000000000000e+02
4.000000000000000000e+00 5.000000000000000000e+00 3.440000000000000000e+02
1.000000000000000000e+00 0.000000000000000000e+00 3.450000000000000000e+02
-1.000000000000000000e+01 4.000000000000000000e+00 3.470000000000000000e+02
2.000000000000000000e+00 5.000000000000000000e+00 3.540000000000000000e+02
7.000000000000000000e+00 4.000000000000000000e+00 3.560000000000000000e+02
0.000000000000000000e+00 4.000000000000000000e+00 3.610000000000000000e+02
0.000000000000000000e+00 5.000000000000000000e+00 3.700000000000000000e+02
3.000000000000000000e+00 4.000000000000000000e+00 3.720000000000000000e+02
4.000000000000000000e+00 3.000000000000000000e+00 3.730000000000000000e+02
2.000000000000000000e+00 5.000000000000000000e+00 3.900000000000000000e+02
0.000000000000000000e+00 4.000000000000000000e+00 3.920000000000000000e+02
4.000000000000000000e+00 5.000000000000000000e+00 3.950000000000000000e+02
0.000000000000000000e+00 0.000000000000000000e+00 3.970000000000000000e+02
-1.000000000000000000e+00 4.000000000000000000e+00 3.980000000000000000e+02
4.000000000000000000e+00 1.000000000000000000e+00 4.000000000000000000e+02
3.000000000000000000e+00 2.000000000000000000e+00 4.020000000000000000e+02
1.000000000000000000e+00 3.000000000000000000e+00 4.030000000000000000e+02
-5.000000000000000000e+00 5.000000000000000000e+00 4.040000000000000000e+02
0.000000000000000000e+00 5.000000000000000000e+00 4.120000000000000000e+02
-3.000000000000000000e+00 1.000000000000000000e+00 4.150000000000000000e+02
-5.000000000000000000e+00 4.000000000000000000e+00 4.240000000000000000e+02
5.000000000000000000e+00 4.000000000000000000e+00 4.250000000000000000e+02
0.000000000000000000e+00 1.000000000000000000e+00 4.260000000000000000e+02
0.000000000000000000e+00 4.000000000000000000e+00 4.270000000000000000e+02
0.000000000000000000e+00 1.000000000000000000e+00 4.300000000000000000e+02
-1.000000000000000000e+00 4.000000000000000000e+00 4.330000000000000000e+02
2.000000000000000000e+00 3.000000000000000000e+00 4.350000000000000000e+02
-1.000000000000000000e+00 2.000000000000000000e+00 4.370000000000000000e+02
1.100000000000000000e+01 -4.000000000000000000e+00 4.390000000000000000e+02
1.100000000000000000e+01 -4.000000000000000000e+00 4.400000000000000000e+02
1.000000000000000000e+00 5.000000000000000000e+00 4.540000000000000000e+02
0.000000000000000000e+00 0.000000000000000000e+00 4.550000000000000000e+02
1.000000000000000000e+01 5.000000000000000000e+00 4.560000000000000000e+02
3.000000000000000000e+00 1.000000000000000000e+00 4.570000000000000000e+02
0.000000000000000000e+00 2.000000000000000000e+00 4.580000000000000000e+02
