4.000000000000000000e+00 -2.000000000000000000e+00 1.000000000000000000e+00
2.000000000000000000e+00 -7.000000000000000000e+00 2.000000000000000000e+00
5.000000000000000000e+00 -9.000000000000000000e+00 5.000000000000000000e+00
8.000000000000000000e+00 -7.000000000000000000e+00 8.000000000000000000e+00
5.000000000000000000e+00 -1.200000000000000000e+01 1.100000000000000000e+01
7.000000000000000000e+00 -1.000000000000000000e+01 1.600000000000000000e+01
0.000000000000000000e+00 -1.000000000000000000e+00 1.900000000000000000e+01
0.000000000000000000e+00 -1.000000000000000000e+00 2.200000000000000000e+01
0.000000000000000000e+00 -1.000000000000000000e+00 3.100000000000000000e+01
-1.000000000000000000e+00 -2.000000000000000000e+00 3.400000000000000000e+01
0.000000000000000000e+00 -4.000000000000000000e+00 3.700000000000000000e+01
1.000000000000000000e+01 -4.000000000000000000e+00 4.400000000000000000e+01
2.000000000000000000e+00 -1.000000000000000000e+00 6.500000000000000000e+01
0.000000000000000000e+00 0.000000000000000000e+00 7.700000000000000000e+01
4.000000000000000000e+00 0.000000000000000000e+00 7.800000000000000000e+01
3.000000000000000000e+00 1.000000000000000000e+00 7.900000000000000000e+01
0.000000000000000000e+00 0.000000000000000000e+00 8.300000000000000000e+01
2.000000000000000000e+00 -6.000000000000000000e+00 8.600000000000000000e+01
4.000000000000000000e+00 0.000000000000000000e+00 9.300000000000000000e+01
2.000000000000000000e+00 -2.000000000000000000e+00 9.400000000000000000e+01
1.000000000000000000e+00 -1.000000000000000000e+00 1.030000000000000000e+02
7.000000000000000000e+00 -4.000000000000000000e+00 1.060000000000000000e+02
2.000000000000000000e+00 -1.000000000000000000e+00 1.070000000000000000e+02
1.000000000000000000e+01 -4.000000000000000000e+00 1.160000000000000000e+02
2.000000000000000000e+00 -8.000000000000000000e+00 1.200000000000000000e+02
2.000000000000000000e+00 -7.000000000000000000e+00 1.250000000000000000e+02
1.000000000000000000e+01 1.000000000000000000e+00 1.260000000000000000e+02
3.000000000000000000e+00 4.000000000000000000e+00 1.290000000000000000e+02
3.000000000000000000e+00 -2.000000000000000000e+00 1.570000000000000000e+02
2.000000000000000000e+00 -1.000000000000000000e+00 1.660000000000000000e+02
0.000000000000000000e+00 -6.000000000000000000e+00 1.670000000000000000e+02
3.000000000000000000e+00 3.000000000000000000e+00 1.710000000000000000e+02
3.000000000000000000e+00 -9.000000000000000000e+00 1.740000000000000000e+02
0.000000000000000000e+00 -3.000000000000000000e+00 1.750000000000000000e+02
9.000000000000000000e+00 1.000000000000000000e+00 1.770000000000000000e+02
8.000000000000000000e+00 -7.000000000000000000e+00 1.800000000000000000e+02
7.000000000000000000e+00 -1.000000000000000000e+01 1.850000000000000000e+02
0.000000000000000000e+00 0.000000000000000000e+00 1.860000000000000000e+02
3.000000000000000000e+00 -6.000000000000000000e+00 1.880000000000000000e+02
5.000000000000000000e+00 -9.000000000000000000e+00 1.930000000000000000e+02
5.000000000000000000e+00 -1.200000000000000000e+01 2.120000000000000000e+02
4.000000000000000000e+00 -6.000000000000000000e+00 2.210000000000000000e+02
0.000000000000000000e+00 -5.000000000000000000e+00 2.250000000000000000e+02
8.000000000000000000e+00 0.000000000000000000e+00 2.300000000000000000e+02
1.300000000000000000e+01 0.000000000000000000e+00 2.390000000000000000e+02
5.000000000000000000e+00 -4.000000000000000000e+00 2.550000000000000000e+02
1.400000000000000000e+01 -5.000000000000000000e+00 2.560000000000000000e+02
0.000000000000000000e+00 -5.000000000000000000e+00 2.630000000000000000e+02
1.100000000000000000e+01 2.000000000000000000e+00 2.730000000000000000e+02
7.000000000000000000e+00 3.000000000000000000e+00 2.740000000000000000e+02
1.000000000000000000e+01 -1.000000000000000000e+00 2.750000000000000000e+02
1.700000000000000000e+01 0.000000000000000000e+00 2.770000000000000000e+02
8.000000000000000000e+00 2.000000000000000000e+00 2.830000000000000000e+02
0.000000000000000000e+00 -3.000000000000000000e+00 2.870000000000000000e+02
1.000000000000000000e+00 1.000000000000000000e+00 2.910000000000000000e+02
3.000000000000000000e+00 -4.000000000000000000e+00 2.940000000000000000e+02
1.400000000000000000e+01 -5.000000000000000000e+00 2.950000000000000000e+02
1.700000000000000000e+01 0.000000000000000000e+00 2.980000000000000000e+02
4.200000000000000000e+01 0.000000000000000000e+00 3.000000000000000000e+02
1.100000000000000000e+01 2.000000000000000000e+00 3.020000000000000000e+02
1.400000000000000000e+01 0.000000000000000000e+00 3.100000000000000000e+02
7.000000000000000000e+00 3.000000000000000000e+00 3.140000000000000000e+02
8.000000000000000000e+00 2.000000000000000000e+00 3.150000000000000000e+02
1.000000000000000000e+01 -1.000000000000000000e+00 3.160000000000000000e+02
-1.000000000000000000e+00 -4.000000000000000000e+00 3.220000000000000000e+02
5.000000000000000000e+00 -4.000000000000000000e+00 3.250000000000000000e+02
0.000000000000000000e+00 -2.000000000000000000e+00 3.350000000000000000e+02
1.400000000000000000e+01 -5.000000000000000000e+00 3.380000000000000000e+02
0.000000000000000000e+00 -5.000000000000000000e+00 3.450000000000000000e+02
6.000000000000000000e+00 1.000000000000000000e+00 3.480000000000000000e+02
2.000000000000000000e+00 -4.000000000000000000e+00 3.590000000000000000e+02
6.000000000000000000e+00 -2.000000000000000000e+00 3.650000000000000000e+02
6.000000000000000000e+00 -2.000000000000000000e+00 3.780000000000000000e+02
2.000000000000000000e+00 -4.000000000000000000e+00 3.810000000000000000e+02
1.400000000000000000e+01 -5.000000000000000000e+00 3.890000000000000000e+02
0.000000000000000000e+00 -2.000000000000000000e+00 3.990000000000000000e+02
0.000000000000000000e+00 -4.000000000000000000e+00 4.000000000000000000e+02
4.000000000000000000e+00 3.000000000000000000e+00 4.020000000000000000e+02
6.000000000000000000e+00 1.000000000000000000e+00 4.040000000000000000e+02
6.000000000000000000e+00 0.000000000000000000e+00 4.160000000000000000e+02
1.000000000000000000e+00 -6.000000000000000000e+00 4.240000000000000000e+02
2.000000000000000000e+00 0.000000000000000000e+00 4.250000000000000000e+02
6.000000000000000000e+00 -7.000000000000000000e+00 4.260000000000000000e+02
1.000000000000000000e+00 0.000000000000000000e+00 4.320000000000000000e+02
7.000000000000000000e+00 0.000000000000000000e+00 4.330000000000000000e+02
2.000000000000000000e+00 1.000000000000000000e+00 4.350000000000000000e+02
1.000000000000000000e+00 -4.000000000000000000e+00 4.360000000000000000e+02
7.000000000000000000e+00 -6.000000000000000000e+00 4.390000000000000000e+02
2.000000000000000000e+00 -5.000000000000000000e+00 4.400000000000000000e+02
4.000000000000000000e+00 2.000000000000000000e+00 4.410000000000000000e+02
6.000000000000000000e+00 0.000000000000000000e+00 4.460000000000000000e+02
1.400000000000000000e+01 0.000000000000000000e+00 4.510000000000000000e+02
4.000000000000000000e+00 2.000000000000000000e+00 4.530000000000000000e+02
1.000000000000000000e+00 1.000000000000000000e+00 4.540000000000000000e+02
