-4.000000000000000000e+00 -1.900000000000000000e+01 7.000000000000000000e+00
6.000000000000000000e+00 -1.500000000000000000e+01 1.000000000000000000e+01
-7.000000000000000000e+00 -1.700000000000000000e+01 1.400000000000000000e+01
8.000000000000000000e+00 -8.000000000000000000e+00 3.900000000000000000e+01
2.000000000000000000e+00 -1.400000000000000000e+01 4.600000000000000000e+01
0.000000000000000000e+00 -1.900000000000000000e+01 4.800000000000000000e+01
6.000000000000000000e+00 -1.500000000000000000e+01 8.300000000000000000e+01
-2.000000000000000000e+00 -6.000000000000000000e+00 8.400000000000000000e+01
0.000000000000000000e+00 -1.900000000000000000e+01 1.010000000000000000e+02
0.000000000000000000e+00 -1.600000000000000000e+01 1.160000000000000000e+02
8.000000000000000000e+00 -8.000000000000000000e+00 1.720000000000000000e+02
6.000000000000000000e+00 -1.500000000000000000e+01 1.780000000000000000e+02
-4.000000000000000000e+00 -1.900000000000000000e+01 2.010000000000000000e+02
-7.000000000000000000e+00 -1.700000000000000000e+01 2.030000000000000000e+02
-1.200000000000000000e+01 -1.200000000000000000e+01 2.140000000000000000e+02
8.000000000000000000e+00 -8.000000000000000000e+00 2.260000000000000000e+02
3.000000000000000000e+00 -1.700000000000000000e+01 2.300000000000000000e+02
2.000000000000000000e+00 -7.000000000000000000e+00 2.330000000000000000e+02
0.000000000000000000e+00 -1.200000000000000000e+01 2.350000000000000000e+02
-4.000000000000000000e+00 -5.000000000000000000e+00 2.360000000000000000e+02
-9.000000000000000000e+00 -9.000000000000000000e+00 2.390000000000000000e+02
0.000000000000000000e+00 -1.300000000000000000e+01 2.400000000000000000e+02
-1.000000000000000000e+00 -1.100000000000000000e+01 2.420000000000000000e+02
-5.000000000000000000e+00 -1.400000000000000000e+01 2.450000000000000000e+02
-7.000000000000000000e+00 -9.000000000000000000e+00 2.570000000000000000e+02
1.000000000000000000e+01 -1.000000000000000000e+01 2.580000000000000000e+02
-2.000000000000000000e+00 -8.000000000000000000e+00 2.590000000000000000e+02
-2.000000000000000000e+00 -1.300000000000000000e+01 2.690000000000000000e+02
-5.000000000000000000e+00 -6.000000000000000000e+00 2.700000000000000000e+02
-2.000000000000000000e+00 -9.000000000000000000e+00 2.720000000000000000e+02
1.000000000000000000e+00 -9.000000000000000000e+00 2.740000000000000000e+02
-3.000000000000000000e+00 -5.000000000000000000e+00 2.750000000000000000e+02
-6.000000000000000000e+00 -1.200000000000000000e+01 2.760000000000000000e+02
-9.000000000000000000e+00 -8.000000000000000000e+00 2.770000000000000000e+02
-7.000000000000000000e+00 -6.000000000000000000e+00 2.780000000000000000e+02
-3.000000000000000000e+00 -7.000000000000000000e+00 2.790000000000000000e+02
-1.000000000000000000e+00 -6.000000000000000000e+00 2.820000000000000000e+02
-6.000000000000000000e+00 -1.200000000000000000e+01 2.830000000000000000e+02
-3.000000000000000000e+00 -9.000000000000000000e+00 2.840000000000000000e+02
0.000000000000000000e+00 -8.000000000000000000e+00 2.850000000000000000e+02
-4.000000000000000000e+00 -1.200000000000000000e+01 2.860000000000000000e+02
3.000000000000000000e+00 -8.000000000000000000e+00 2.870000000000000000e+02
-4.000000000000000000e+00 -9.000000000000000000e+00 2.890000000000000000e+02
-2.000000000000000000e+00 -8.000000000000000000e+00 2.900000000000000000e+02
-5.000000000000000000e+00 -6.000000000000000000e+00 2.970000000000000000e+02
-9.000000000000000000e+00 -8.000000000000000000e+00 2.980000000000000000e+02
-1.000000000000000000e+00 -6.000000000000000000e+00 3.060000000000000000e+02
-2.000000000000000000e+00 -9.000000000000000000e+00 3.080000000000000000e+02
1.000000000000000000e+00 -6.000000000000000000e+00 3.090000000000000000e+02
-8.000000000000000000e+00 -1.000000000000000000e+01 3.100000000000000000e+02
-2.000000000000000000e+00 -1.000000000000000000e+01 3.110000000000000000e+02
1.000000000000000000e+00 -9.000000000000000000e+00 3.140000000000000000e+02
-6.000000000000000000e+00 -1.200000000000000000e+01 3.150000000000000000e+02
3.000000000000000000e+00 -1.700000000000000000e+01 3.200000000000000000e+02
-3.000000000000000000e+00 -7.000000000000000000e+00 3.230000000000000000e+02
-5.000000000000000000e+00 -9.000000000000000000e+00 3.240000000000000000e+02
2.000000000000000000e+00 -7.000000000000000000e+00 3.290000000000000000e+02
-5.000000000000000000e+00 -1.400000000000000000e+01 3.320000000000000000e+02
5.000000000000000000e+00 -1.000000000000000000e+01 3.330000000000000000e+02
-6.000000000000000000e+00 -1.100000000000000000e+01 3.340000000000000000e+02
-8.000000000000000000e+00 -9.000000000000000000e+00 3.390000000000000000e+02
1.000000000000000000e+01 -1.000000000000000000e+01 3.410000000000000000e+02
-1.000000000000000000e+01 -9.000000000000000000e+00 3.460000000000000000e+02
5.000000000000000000e+00 -1.200000000000000000e+01 3.490000000000000000e+02
-3.000000000000000000e+00 -9.000000000000000000e+00 3.500000000000000000e+02
0.000000000000000000e+00 -8.000000000000000000e+00 3.510000000000000000e+02
4.000000000000000000e+00 -8.000000000000000000e+00 3.520000000000000000e+02
0.000000000000000000e+00 -7.000000000000000000e+00 3.540000000000000000e+02
-4.000000000000000000e+00 -1.200000000000000000e+01 3.550000000000000000e+02
-3.000000000000000000e+00 -7.000000000000000000e+00 3.630000000000000000e+02
5.000000000000000000e+00 -1.200000000000000000e+01 3.690000000000000000e+02
-6.000000000000000000e+00 -7.000000000000000000e+00 3.750000000000000000e+02
-1.000000000000000000e+00 -8.000000000000000000e+00 3.790000000000000000e+02
8.000000000000000000e+00 -1.300000000000000000e+01 3.820000000000000000e+02
-1.000000000000000000e+00 -1.300000000000000000e+01 3.830000000000000000e+02
4.000000000000000000e+00 -8.000000000000000000e+00 3.850000000000000000e+02
-6.000000000000000000e+00 -1.100000000000000000e+01 3.870000000000000000e+02
0.000000000000000000e+00 -1.200000000000000000e+01 3.880000000000000000e+02
0.000000000000000000e+00 -7.000000000000000000e+00 3.900000000000000000e+02
1.000000000000000000e+01 -1.000000000000000000e+01 3.910000000000000000e+02
0.000000000000000000e+00 -1.100000000000000000e+01 4.010000000000000000e+02
-6.000000000000000000e+00 -7.000000000000000000e+00 4.070000000000000000e+02
-3.000000000000000000e+00 -9.000000000000000000e+00 4.080000000000000000e+02
2.000000000000000000e+00 -1.000000000000000000e+01 4.100000000000000000e+02
8.000000000000000000e+00 -1.300000000000000000e+01 4.110000000000000000e+02
5.000000000000000000e+00 -1.000000000000000000e+01 4.120000000000000000e+02
-5.000000000000000000e+00 -1.100000000000000000e+01 4.130000000000000000e+02
-6.000000000000000000e+00 -1.400000000000000000e+01 4.140000000000000000e+02
2.000000000000000000e+00 -6.000000000000000000e+00 4.150000000000000000e+02
-5.000000000000000000e+00 -8.000000000000000000e+00 4.170000000000000000e+02
-3.000000000000000000e+00 -1.100000000000000000e+01 4.190000000000000000e+02
0.000000000000000000e+00 -1.000000000000000000e+01 4.210000000000000000e+02
-2.000000000000000000e+00 -1.100000000000000000e+01 4.220000000000000000e+02
0.000000000000000000e+00 -8.000000000000000000e+00 4.230000000000000000e+02
-1.000000000000000000e+00 -6.000000000000000000e+00 4.240000000000000000e+02
-2.000000000000000000e+00 -1.200000000000000000e+01 4.310000000000000000e+02
-2.000000000000000000e+00 -1.000000000000000000e+01 4.330000000000000000e+02
-3.000000000000000000e+00 -1.000000000000000000e+01 4.360000000000000000e+02
-1.000000000000000000e+00 -7.000000000000000000e+00 4.370000000000000000e+02
1.000000000000000000e+00 -1.100000000000000000e+01 4.380000000000000000e+02
0.000000000000000000e+00 -6.000000000000000000e+00 4.400000000000000000e+02
3.000000000000000000e+00 -1.200000000000000000e+01 4.410000000000000000e+02
-4.000000000000000000e+00 -8.000000000000000000e+00 4.420000000000000000e+02
-1.000000000000000000e+00 -1.300000000000000000e+01 4.440000000000000000e+02
-1.000000000000000000e+00 -1.000000000000000000e+01 4.450000000000000000e+02
-2.000000000000000000e+00 -1.400000000000000000e+01 4.480000000000000000e+02
0.000000000000000000e+00 -1.000000000000000000e+01 4.500000000000000000e+02
-8.000000000000000000e+00 -1.000000000000000000e+01 4.510000000000000000e+02
-5.000000000000000000e+00 -8.000000000000000000e+00 4.520000000000000000e+02
3.000000000000000000e+00 -1.200000000000000000e+01 4.530000000000000000e+02
