5.000000000000000000e+00 0.000000000000000000e+00 2.000000000000000000e+00
3.000000000000000000e+00 1.000000000000000000e+00 6.000000000000000000e+00
6.000000000000000000e+00 -3.000000000000000000e+00 9.000000000000000000e+00
-4.000000000000000000e+00 3.000000000000000000e+00 1.300000000000000000e+01
3.000000000000000000e+00 3.000000000000000000e+00 1.500000000000000000e+01
2.000000000000000000e+00 1.000000000000000000e+00 2.000000000000000000e+01
2.000000000000000000e+00 2.000000000000000000e+00 2.100000000000000000e+01
4.000000000000000000e+00 -6.000000000000000000e+00 2.300000000000000000e+01
-4.000000000000000000e+00 2.000000000000000000e+00 2.400000000000000000e+01
1.000000000000000000e+00 3.000000000000000000e+00 2.600000000000000000e+01
6.000000000000000000e+00 -3.000000000000000000e+00 2.800000000000000000e+01
0.000000000000000000e+00 1.000000000000000000e+00 3.000000000000000000e+01
0.000000000000000000e+00 2.000000000000000000e+00 3.200000000000000000e+01
0.000000000000000000e+00 3.000000000000000000e+00 3.400000000000000000e+01
0.000000000000000000e+00 3.000000000000000000e+00 3.500000000000000000e+01
4.000000000000000000e+00 3.000000000000000000e+00 3.600000000000000000e+01
0.000000000000000000e+00 0.000000000000000000e+00 3.700000000000000000e+01
2.000000000000000000e+00 2.000000000000000000e+00 4.000000000000000000e+01
1.000000000000000000e+00 3.000000000000000000e+00 4.900000000000000000e+01
2.000000000000000000e+00 4.000000000000000000e+00 5.000000000000000000e+01
0.000000000000000000e+00 2.000000000000000000e+00 5.500000000000000000e+01
0.000000000000000000e+00 4.000000000000000000e+00 6.000000000000000000e+01
2.000000000000000000e+00 2.000000000000000000e+00 6.200000000000000000e+01
3.000000000000000000e+00 0.000000000000000000e+00 6.500000000000000000e+01
3.000000000000000000e+00 3.000000000000000000e+00 6.800000000000000000e+01
2.000000000000000000e+00 4.000000000000000000e+00 7.100000000000000000e+01
3.000000000000000000e+00 4.000000000000000000e+00 7.700000000000000000e+01
0.000000000000000000e+00 -5.000000000000000000e+00 7.900000000000000000e+01
2.000000000000000000e+00 5.000000000000000000e+00 8.600000000000000000e+01
1.000000000000000000e+00 4.000000000000000000e+00 8.900000000000000000e+01
4.000000000000000000e+00 -1.000000000000000000e+00 9.400000000000000000e+01
1.000000000000000000e+00 3.000000000000000000e+00 9.500000000000000000e+01
0.000000000000000000e+00 2.000000000000000000e+00 9.600000000000000000e+01
3.000000000000000000e+00 0.000000000000000000e+00 1.030000000000000000e+02
3.000000000000000000e+00 0.000000000000000000e+00 1.070000000000000000e+02
-2.000000000000000000e+00 3.000000000000000000e+00 1.100000000000000000e+02
-3.000000000000000000e+00 0.000000000000000000e+00 1.130000000000000000e+02
-1.000000000000000000e+00 1.000000000000000000e+00 1.140000000000000000e+02
5.000000000000000000e+00 1.000000000000000000e+00 1.150000000000000000e+02
5.000000000000000000e+00 0.000000000000000000e+00 1.200000000000000000e+02
0.000000000000000000e+00 -1.000000000000000000e+00 1.210000000000000000e+02
-3.000000000000000000e+00 3.000000000000000000e+00 1.220000000000000000e+02
4.000000000000000000e+00 1.000000000000000000e+00 1.230000000000000000e+02
4.000000000000000000e+00 2.000000000000000000e+00 1.250000000000000000e+02
4.000000000000000000e+00 2.000000000000000000e+00 1.280000000000000000e+02
0.000000000000000000e+00 0.000000000000000000e+00 1.290000000000000000e+02
1.000000000000000000e+00 0.000000000000000000e+00 1.300000000000000000e+02
-2.000000000000000000e+00 3.000000000000000000e+00 1.340000000000000000e+02
0.000000000000000000e+00 4.000000000000000000e+00 1.380000000000000000e+02
3.000000000000000000e+00 2.000000000000000000e+00 1.440000000000000000e+02
-1.000000000000000000e+00 0.000000000000000000e+00 1.460000000000000000e+02
-1.000000000000000000e+00 3.000000000000000000e+00 1.510000000000000000e+02
1.000000000000000000e+00 1.000000000000000000e+00 1.540000000000000000e+02
0.000000000000000000e+00 0.000000000000000000e+00 1.560000000000000000e+02
-2.000000000000000000e+00 4.000000000000000000e+00 1.570000000000000000e+02
-4.000000000000000000e+00 3.000000000000000000e+00 1.610000000000000000e+02
1.000000000000000000e+00 2.000000000000000000e+00 1.630000000000000000e+02
1.000000000000000000e+00 4.000000000000000000e+00 1.640000000000000000e+02
3.000000000000000000e+00 0.000000000000000000e+00 1.660000000000000000e+02
3.000000000000000000e+00 4.000000000000000000e+00 1.670000000000000000e+02
-2.000000000000000000e+00 3.000000000000000000e+00 1.890000000000000000e+02
2.000000000000000000e+00 3.000000000000000000e+00 1.900000000000000000e+02
2.000000000000000000e+00 4.000000000000000000e+00 1.940000000000000000e+02
0.000000000000000000e+00 4.000000000000000000e+00 2.080000000000000000e+02
2.000000000000000000e+00 2.000000000000000000e+00 2.180000000000000000e+02
2.000000000000000000e+00 1.000000000000000000e+00 2.190000000000000000e+02
3.000000000000000000e+00 2.000000000000000000e+00 2.250000000000000000e+02
0.000000000000000000e+00 -3.000000000000000000e+00 2.340000000000000000e+02
3.000000000000000000e+00 -3.000000000000000000e+00 2.370000000000000000e+02
1.000000000000000000e+00 -5.000000000000000000e+00 2.380000000000000000e+02
3.000000000000000000e+00 -3.000000000000000000e+00 2.410000000000000000e+02
2.000000000000000000e+00 -3.000000000000000000e+00 2.430000000000000000e+02
-1.000000000000000000e+00 -2.000000000000000000e+00 2.440000000000000000e+02
-5.000000000000000000e+00 -4.000000000000000000e+00 2.460000000000000000e+02
-1.000000000000000000e+00 -1.000000000000000000e+00 2.470000000000000000e+02
0.000000000000000000e+00 -2.000000000000000000e+00 2.500000000000000000e+02
2.000000000000000000e+00 -3.000000000000000000e+00 2.520000000000000000e+02
1.000000000000000000e+00 -4.000000000000000000e+00 2.530000000000000000e+02
2.000000000000000000e+00 -4.000000000000000000e+00 2.540000000000000000e+02
2.000000000000000000e+00 0.000000000000000000e+00 2.550000000000000000e+02
2.000000000000000000e+00 -1.000000000000000000e+00 2.610000000000000000e+02
3.000000000000000000e+00 0.000000000000000000e+00 2.630000000000000000e+02
-2.000000000000000000e+00 -3.000000000000000000e+00 2.710000000000000000e+02
-1.000000000000000000e+00 -3.000000000000000000e+00 2.800000000000000000e+02
-1.000000000000000000e+00 -3.000000000000000000e+00 2.880000000000000000e+02
-2.000000000000000000e+00 -2.000000000000000000e+00 2.910000000000000000e+02
2.000000000000000000e+00 -5.000000000000000000e+00 2.920000000000000000e+02
3.000000000000000000e+00 -2.000000000000000000e+00 2.940000000000000000e+02
-3.000000000000000000e+00 0.000000000000000000e+00 2.960000000000000000e+02
2.000000000000000000e+00 -1.000000000000000000e+00 2.990000000000000000e+02
1.000000000000000000e+00 -3.000000000000000000e+00 3.000000000000000000e+02
0.000000000000000000e+00 -1.000000000000000000e+00 3.120000000000000000e+02
0.000000000000000000e+00 -4.000000000000000000e+00 3.130000000000000000e+02
-2.000000000000000000e+00 -5.000000000000000000e+00 3.160000000000000000e+02
0.000000000000000000e+00 -4.000000000000000000e+00 3.180000000000000000e+02
-4.000000000000000000e+00 -1.000000000000000000e+00 3.210000000000000000e+02
2.000000000000000000e+00 0.000000000000000000e+00 3.250000000000000000e+02
2.000000000000000000e+00 -4.000000000000000000e+00 3.260000000000000000e+02
-1.000000000000000000e+00 -2.000000000000000000e+00 3.280000000000000000e+02
-3.000000000000000000e+00 -3.000000000000000000e+00 3.370000000000000000e+02
4.000000000000000000e+00 -5.000000000000000000e+00 3.400000000000000000e+02
1.000000000000000000e+00 -2.000000000000000000e+00 3.450000000000000000e+02
-3.000000000000000000e+00 0.000000000000000000e+00 3.560000000000000000e+02
0.000000000000000000e+00 -4.000000000000000000e+00 3.590000000000000000e+02
-1.000000000000000000e+00 -4.000000000000000000e+00 3.610000000000000000e+02
-3.000000000000000000e+00 -3.000000000000000000e+00 3.660000000000000000e+02
6.000000000000000000e+00 -6.000000000000000000e+00 3.670000000000000000e+02
0.000000000000000000e+00 -4.000000000000000000e+00 3.700000000000000000e+02
-4.000000000000000000e+00 -4.000000000000000000e+00 3.710000000000000000e+02
0.000000000000000000e+00 -2.000000000000000000e+00 3.720000000000000000e+02
3.000000000000000000e+00 -6.000000000000000000e+00 3.730000000000000000e+02
0.000000000000000000e+00 -4.000000000000000000e+00 3.810000000000000000e+02
4.000000000000000000e+00 -5.000000000000000000e+00 3.840000000000000000e+02
-1.000000000000000000e+00 -5.000000000000000000e+00 3.920000000000000000e+02
0.000000000000000000e+00 0.000000000000000000e+00 3.970000000000000000e+02
-4.000000000000000000e+00 0.000000000000000000e+00 3.980000000000000000e+02
2.000000000000000000e+00 -3.000000000000000000e+00 4.000000000000000000e+02
1.000000000000000000e+00 -5.000000000000000000e+00 4.020000000000000000e+02
-3.000000000000000000e+00 -2.000000000000000000e+00 4.030000000000000000e+02
3.000000000000000000e+00 -4.000000000000000000e+00 4.250000000000000000e+02
-2.000000000000000000e+00 -3.000000000000000000e+00 4.270000000000000000e+02
7.000000000000000000e+00 -5.000000000000000000e+00 4.280000000000000000e+02
-3.000000000000000000e+00 -3.000000000000000000e+00 4.320000000000000000e+02
6.000000000000000000e+00 -6.000000000000000000e+00 4.340000000000000000e+02
0.000000000000000000e+00 -3.000000000000000000e+00 4.350000000000000000e+02
-2.000000000000000000e+00 -1.000000000000000000e+00 4.390000000000000000e+02
5.000000000000000000e+00 -6.000000000000000000e+00 4.430000000000000000e+02
-2.000000000000000000e+00 -2.000000000000000000e+00 4.540000000000000000e+02
-4.000000000000000000e+00 0.000000000000000000e+00 4.580000000000000000e+02
