-8.000000000000000000e+00 0.000000000000000000e+00 2.310000000000000000e+02
-7.000000000000000000e+00 3.000000000000000000e+00 2.350000000000000000e+02
-8.000000000000000000e+00 0.000000000000000000e+00 2.400000000000000000e+02
-1.300000000000000000e+01 -6.000000000000000000e+00 2.480000000000000000e+02
-6.000000000000000000e+00 0.000000000000000000e+00 2.490000000000000000e+02
-1.600000000000000000e+01 9.000000000000000000e+00 2.510000000000000000e+02
-9.000000000000000000e+00 -2.000000000000000000e+00 2.540000000000000000e+02
-1.700000000000000000e+01 -4.000000000000000000e+00 2.560000000000000000e+02
-8.000000000000000000e+00 -3.000000000000000000e+00 2.610000000000000000e+02
-7.000000000000000000e+00 -4.000000000000000000e+00 2.620000000000000000e+02
-1.500000000000000000e+01 4.000000000000000000e+00 2.640000000000000000e+02
-1.500000000000000000e+01 4.000000000000000000e+00 2.650000000000000000e+02
-7.000000000000000000e+00 -4.000000000000000000e+00 2.660000000000000000e+02
-1.200000000000000000e+01 2.000000000000000000e+00 2.670000000000000000e+02
-7.000000000000000000e+00 1.000000000000000000e+00 2.680000000000000000e+02
-1.500000000000000000e+01 0.000000000000000000e+00 2.720000000000000000e+02
-1.300000000000000000e+01 -2.000000000000000000e+00 2.760000000000000000e+02
-7.000000000000000000e+00 4.000000000000000000e+00 2.770000000000000000e+02
-1.400000000000000000e+01 2.000000000000000000e+00 2.810000000000000000e+02
-1.300000000000000000e+01 -2.000000000000000000e+00 2.830000000000000000e+02
-8.000000000000000000e+00 4.000000000000000000e+00 2.840000000000000000e+02
-1.000000000000000000e+01 6.000000000000000000e+00 2.850000000000000000e+02
-9.000000000000000000e+00 5.000000000000000000e+00 2.890000000000000000e+02
-1.600000000000000000e+01 9.000000000000000000e+00 2.930000000000000000e+02
-1.700000000000000000e+01 -4.000000000000000000e+00 2.950000000000000000e+02
-7.000000000000000000e+00 4.000000000000000000e+00 2.980000000000000000e+02
-8.000000000000000000e+00 -3.000000000000000000e+00 2.990000000000000000e+02
-8.000000000000000000e+00 0.000000000000000000e+00 3.010000000000000000e+02
-7.000000000000000000e+00 -4.000000000000000000e+00 3.030000000000000000e+02
-1.800000000000000000e+01 0.000000000000000000e+00 3.040000000000000000e+02
-1.000000000000000000e+01 1.000000000000000000e+00 3.070000000000000000e+02
-1.500000000000000000e+01 0.000000000000000000e+00 3.080000000000000000e+02
-6.000000000000000000e+00 3.000000000000000000e+00 3.090000000000000000e+02
-1.300000000000000000e+01 -2.000000000000000000e+00 3.150000000000000000e+02
-1.200000000000000000e+01 3.000000000000000000e+00 3.170000000000000000e+02
-1.300000000000000000e+01 -6.000000000000000000e+00 3.190000000000000000e+02
-6.000000000000000000e+00 0.000000000000000000e+00 3.270000000000000000e+02
-1.400000000000000000e+01 2.000000000000000000e+00 3.300000000000000000e+02
-6.000000000000000000e+00 -1.000000000000000000e+00 3.330000000000000000e+02
-1.200000000000000000e+01 0.000000000000000000e+00 3.350000000000000000e+02
-1.600000000000000000e+01 9.000000000000000000e+00 3.360000000000000000e+02
-1.700000000000000000e+01 -4.000000000000000000e+00 3.380000000000000000e+02
-1.000000000000000000e+01 -5.000000000000000000e+00 3.480000000000000000e+02
-1.400000000000000000e+01 6.000000000000000000e+00 3.490000000000000000e+02
-8.000000000000000000e+00 4.000000000000000000e+00 3.500000000000000000e+02
-1.000000000000000000e+01 6.000000000000000000e+00 3.510000000000000000e+02
-1.000000000000000000e+01 -1.000000000000000000e+00 3.520000000000000000e+02
-1.600000000000000000e+01 9.000000000000000000e+00 3.600000000000000000e+02
-1.400000000000000000e+01 6.000000000000000000e+00 3.690000000000000000e+02
-9.000000000000000000e+00 -2.000000000000000000e+00 3.720000000000000000e+02
-6.000000000000000000e+00 0.000000000000000000e+00 3.730000000000000000e+02
-1.700000000000000000e+01 -4.000000000000000000e+00 3.890000000000000000e+02
-9.000000000000000000e+00 -6.000000000000000000e+00 3.950000000000000000e+02
-1.200000000000000000e+01 0.000000000000000000e+00 3.990000000000000000e+02
-1.000000000000000000e+01 -5.000000000000000000e+00 4.040000000000000000e+02
-8.000000000000000000e+00 4.000000000000000000e+00 4.080000000000000000e+02
-1.200000000000000000e+01 7.000000000000000000e+00 4.090000000000000000e+02
-6.000000000000000000e+00 -1.000000000000000000e+00 4.120000000000000000e+02
-1.800000000000000000e+01 6.000000000000000000e+00 4.160000000000000000e+02
-1.000000000000000000e+01 4.000000000000000000e+00 4.170000000000000000e+02
-9.000000000000000000e+00 3.000000000000000000e+00 4.190000000000000000e+02
-1.200000000000000000e+01 7.000000000000000000e+00 4.200000000000000000e+02
-8.000000000000000000e+00 1.000000000000000000e+00 4.240000000000000000e+02
-8.000000000000000000e+00 0.000000000000000000e+00 4.260000000000000000e+02
-7.000000000000000000e+00 2.000000000000000000e+00 4.300000000000000000e+02
-1.200000000000000000e+01 5.000000000000000000e+00 4.410000000000000000e+02
-1.800000000000000000e+01 6.000000000000000000e+00 4.460000000000000000e+02
-1.000000000000000000e+01 4.000000000000000000e+00 4.520000000000000000e+02
-1.200000000000000000e+01 5.000000000000000000e+00 4.530000000000000000e+02
-1.800000000000000000e+01 0.000000000000000000e+00 4.560000000000000000e+02
-7.000000000000000000e+00 2.000000000000000000e+00 4.580000000000000000e+02
-1.000000000000000000e+01 1.000000000000000000e+00 4.590000000000000000e+02
