-1.000000000000000000e+00 0.000000000000000000e+00 3.700000000000000000e+01
0.000000000000000000e+00 0.000000000000000000e+00 1.210000000000000000e+02
-3.000000000000000000e+00 4.000000000000000000e+00 2.300000000000000000e+02
4.000000000000000000e+00 0.000000000000000000e+00 2.320000000000000000e+02
1.000000000000000000e+00 3.000000000000000000e+00 2.340000000000000000e+02
2.000000000000000000e+00 3.000000000000000000e+00 2.370000000000000000e+02
-4.000000000000000000e+00 3.000000000000000000e+00 2.400000000000000000e+02
3.000000000000000000e+00 2.000000000000000000e+00 2.430000000000000000e+02
0.000000000000000000e+00 2.000000000000000000e+00 2.440000000000000000e+02
2.000000000000000000e+00 8.000000000000000000e+00 2.460000000000000000e+02
0.000000000000000000e+00 4.000000000000000000e+00 2.470000000000000000e+02
-2.000000000000000000e+00 1.000000000000000000e+00 2.480000000000000000e+02
5.000000000000000000e+00 3.000000000000000000e+00 2.490000000000000000e+02
0.000000000000000000e+00 2.000000000000000000e+00 2.500000000000000000e+02
2.000000000000000000e+00 0.000000000000000000e+00 2.520000000000000000e+02
3.000000000000000000e+00 3.000000000000000000e+00 2.530000000000000000e+02
0.000000000000000000e+00 -1.000000000000000000e+00 2.550000000000000000e+02
1.100000000000000000e+01 9.000000000000000000e+00 2.560000000000000000e+02
1.000000000000000000e+00 8.000000000000000000e+00 2.590000000000000000e+02
-2.000000000000000000e+00 3.000000000000000000e+00 2.640000000000000000e+02
-2.000000000000000000e+00 3.000000000000000000e+00 2.650000000000000000e+02
0.000000000000000000e+00 6.000000000000000000e+00 2.710000000000000000e+02
2.000000000000000000e+00 -1.000000000000000000e+00 2.730000000000000000e+02
-2.000000000000000000e+00 4.000000000000000000e+00 2.740000000000000000e+02
1.000000000000000000e+00 1.000000000000000000e+00 2.750000000000000000e+02
1.000000000000000000e+00 7.000000000000000000e+00 2.770000000000000000e+02
-1.000000000000000000e+00 7.000000000000000000e+00 2.790000000000000000e+02
0.000000000000000000e+00 7.000000000000000000e+00 2.800000000000000000e+02
0.000000000000000000e+00 3.000000000000000000e+00 2.880000000000000000e+02
1.000000000000000000e+00 7.000000000000000000e+00 2.900000000000000000e+02
1.000000000000000000e+00 5.000000000000000000e+00 2.910000000000000000e+02
3.000000000000000000e+00 0.000000000000000000e+00 2.920000000000000000e+02
3.000000000000000000e+00 0.000000000000000000e+00 2.940000000000000000e+02
1.100000000000000000e+01 9.000000000000000000e+00 2.950000000000000000e+02
7.000000000000000000e+00 4.000000000000000000e+00 2.960000000000000000e+02
1.000000000000000000e+00 7.000000000000000000e+00 2.980000000000000000e+02
4.000000000000000000e+00 5.000000000000000000e+00 2.990000000000000000e+02
3.000000000000000000e+00 2.000000000000000000e+00 3.000000000000000000e+02
2.000000000000000000e+00 -1.000000000000000000e+00 3.020000000000000000e+02
1.000000000000000000e+01 5.000000000000000000e+00 3.040000000000000000e+02
3.000000000000000000e+00 1.000000000000000000e+00 3.050000000000000000e+02
-1.000000000000000000e+00 3.000000000000000000e+00 3.090000000000000000e+02
0.000000000000000000e+00 6.000000000000000000e+00 3.110000000000000000e+02
2.000000000000000000e+00 1.000000000000000000e+00 3.120000000000000000e+02
3.000000000000000000e+00 4.000000000000000000e+00 3.130000000000000000e+02
-2.000000000000000000e+00 4.000000000000000000e+00 3.140000000000000000e+02
1.000000000000000000e+00 1.000000000000000000e+00 3.160000000000000000e+02
0.000000000000000000e+00 5.000000000000000000e+00 3.180000000000000000e+02
-2.000000000000000000e+00 1.000000000000000000e+00 3.190000000000000000e+02
-3.000000000000000000e+00 4.000000000000000000e+00 3.200000000000000000e+02
0.000000000000000000e+00 0.000000000000000000e+00 3.220000000000000000e+02
-1.000000000000000000e+00 7.000000000000000000e+00 3.230000000000000000e+02
0.000000000000000000e+00 -1.000000000000000000e+00 3.250000000000000000e+02
6.000000000000000000e+00 2.000000000000000000e+00 3.260000000000000000e+02
5.000000000000000000e+00 3.000000000000000000e+00 3.270000000000000000e+02
0.000000000000000000e+00 2.000000000000000000e+00 3.280000000000000000e+02
0.000000000000000000e+00 5.000000000000000000e+00 3.330000000000000000e+02
1.100000000000000000e+01 9.000000000000000000e+00 3.380000000000000000e+02
-1.000000000000000000e+00 6.000000000000000000e+00 3.400000000000000000e+02
8.000000000000000000e+00 1.000000000000000000e+01 3.420000000000000000e+02
4.000000000000000000e+00 5.000000000000000000e+00 3.440000000000000000e+02
1.000000000000000000e+00 0.000000000000000000e+00 3.450000000000000000e+02
7.000000000000000000e+00 6.000000000000000000e+00 3.480000000000000000e+02
6.000000000000000000e+00 8.000000000000000000e+00 3.490000000000000000e+02
2.000000000000000000e+00 5.000000000000000000e+00 3.540000000000000000e+02
7.000000000000000000e+00 4.000000000000000000e+00 3.560000000000000000e+02
8.000000000000000000e+00 9.000000000000000000e+00 3.580000000000000000e+02
0.000000000000000000e+00 4.000000000000000000e+00 3.610000000000000000e+02
4.000000000000000000e+00 8.000000000000000000e+00 3.640000000000000000e+02
3.000000000000000000e+00 6.000000000000000000e+00 3.650000000000000000e+02
6.000000000000000000e+00 8.000000000000000000e+00 3.690000000000000000e+02
0.000000000000000000e+00 5.000000000000000000e+00 3.700000000000000000e+02
2.000000000000000000e+00 8.000000000000000000e+00 3.710000000000000000e+02
3.000000000000000000e+00 4.000000000000000000e+00 3.720000000000000000e+02
4.000000000000000000e+00 3.000000000000000000e+00 3.730000000000000000e+02
3.000000000000000000e+00 7.000000000000000000e+00 3.780000000000000000e+02
-1.000000000000000000e+00 6.000000000000000000e+00 3.840000000000000000e+02
4.000000000000000000e+00 9.000000000000000000e+00 3.860000000000000000e+02
2.000000000000000000e+00 7.000000000000000000e+00 3.880000000000000000e+02
1.100000000000000000e+01 9.000000000000000000e+00 3.890000000000000000e+02
2.000000000000000000e+00 5.000000000000000000e+00 3.900000000000000000e+02
0.000000000000000000e+00 4.000000000000000000e+00 3.920000000000000000e+02
4.000000000000000000e+00 5.000000000000000000e+00 3.950000000000000000e+02
0.000000000000000000e+00 0.000000000000000000e+00 3.970000000000000000e+02
-1.000000000000000000e+00 4.000000000000000000e+00 3.980000000000000000e+02
4.000000000000000000e+00 1.000000000000000000e+00 4.000000000000000000e+02
3.000000000000000000e+00 2.000000000000000000e+00 4.020000000000000000e+02
1.000000000000000000e+00 3.000000000000000000e+00 4.030000000000000000e+02
-5.000000000000000000e+00 5.000000000000000000e+00 4.040000000000000000e+02
0.000000000000000000e+00 5.000000000000000000e+00 4.120000000000000000e+02
0.000000000000000000e+00 6.000000000000000000e+00 4.130000000000000000e+02
5.000000000000000000e+00 4.000000000000000000e+00 4.250000000000000000e+02
0.000000000000000000e+00 1.000000000000000000e+00 4.260000000000000000e+02
0.000000000000000000e+00 4.000000000000000000e+00 4.270000000000000000e+02
0.000000000000000000e+00 1.000000000000000000e+00 4.300000000000000000e+02
-1.000000000000000000e+00 4.000000000000000000e+00 4.330000000000000000e+02
2.000000000000000000e+00 3.000000000000000000e+00 4.350000000000000000e+02
-1.000000000000000000e+00 2.000000000000000000e+00 4.370000000000000000e+02
-3.000000000000000000e+00 6.000000000000000000e+00 4.410000000000000000e+02
5.000000000000000000e+00 7.000000000000000000e+00 4.480000000000000000e+02
4.000000000000000000e+00 8.000000000000000000e+00 4.490000000000000000e+02
-3.000000000000000000e+00 6.000000000000000000e+00 4.530000000000000000e+02
1.000000000000000000e+00 5.000000000000000000e+00 4.540000000000000000e+02
0.000000000000000000e+00 0.000000000000000000e+00 4.550000000000000000e+02
1.000000000000000000e+01 5.000000000000000000e+00 4.560000000000000000e+02
3.000000000000000000e+00 1.000000000000000000e+00 4.570000000000000000e+02
0.000000000000000000e+00 2.000000000000000000e+00 4.580000000000000000e+02
