-1 11 19
-14 -4 7
4 18 9
-5 12 -13
-8 -51 29
-4 10 7
-4 16 13
125 -73 44
-5 -4 -22
-4 17 5
-19 -7 4
-11 0 5
2 21 -15
-10 -2 1
-21 -7 -3
-7 10 -1
-14 0 -7
-48 49 54
-6 -5 -6
-4 1 -2
-6 -16 16
-20 10 -8
-7 -2 5
-14 -5 0
-14 -5 16
-61 -54 101
-26 8 3
-9 13 -9
-4 22 -7
-7 41 -21
10 0 -19
-8 2 17
-9 6 12
-7 0 10
9 15 -7
-9 -7 5
-5 5 11
-7 19 9
0 17 12
-7 8 -7
-18 20 -1
-18 65 118
-13 8 5
-9 -5 12
7 19 -3
1 3 -11
-12 8 -3
0 11 -10
-21 0 -8
-7 -59 -6
-7 3 -7
-16 5 16
8 13 18
-12 4 -2
-3 0 -30
-15 -7 -5
-21 0 8
-24 1 -3
-2 6 -15
-15 10 -7
-5 2 -21
2 6 -7
184 28 84
-22 8 -5
-3 48 -17
-28 4 4
1 11 4
-15 20 0
0 9 -10
-10 0 15
-16 57 178
-16 -2 5
-8 -5 14
-7 3 11
-17 -1 14
0 7 15
0 5 -22
-14 12 12
-12 6 3
-51 142 101
-17 -8 -11
0 -86 0
5 4 -18
-13 1 11
9 19 0
-9 3 -2
-35 33 9
-9 17 8
36 -28 0
-5 -2 -7
0 13 17
5 19 15
3 4 -1
-16 -80 -22
-120 34 -100
3 3 11
-11 -4 20
-10 -5 -9
-4 12 -55
0 16 2
-14 5 17
8 -13 -20
-8 10 1
0 2 -17
-5 14 1
-16 16 6
-23 8 -9
-5 0 20
-25 6 6
-11 14 -5
-7 36 18
-2 20 -9
-17 -2 -2
-1 14 -2
-15 6 10
-4 0 6
-14 24 -1
6 14 -1
-7 9 18
1 21 -3
-6 5 4
-12 17 -10
-21 16 9
-10 10 -18
-2 7 -5
-20 2 9
4 11 3
-17 16 -6
-14 0 -2
-3 6 0
-24 11 -6
-37 38 -64
156 -4 50
-17 6 -138
82 5 26
-9 -12 60
-11 -2 -19
-2 16 -17
-19 3 -4
0 21 -1
-1 -37 9
-11 4 -8
-12 -8 0
-1 13 10
-17 4 -10
-1 2 12
-16 7 -17
-5 16 -10
0 11 -16
-8 1 -11
-4 12 -6
-3 8 2
4 17 -11
56 -44 -11
-4 6 -10
5 17 4
1 14 -3
71 8 96
-10 0 -6
-25 4 2
76 21 -9
-5 22 -10
-3 0 -11
-1 0 47
-6 17 -8
34 -197 -347
-16 -3 -15
3 0 0
8 12 -14
0 77 0
-1 5 21
-10 11 7
-2 3 -7
-5 -4 -13
-6 10 15
-14 4 -18
-8 9 -20
-2 0 14
-9 -1 -14
-7 22 -1
14 266 41
4 15 -13
123 114 -107
157 -14 18
-8 7 0
-9 1 2
-14 12 0
-14 10 -12
-15 -1 -13
-22 1 -14
-6 24 -1
-8 5 -14
-20 11 2
-18 5 3
-19 -8 10
-10 3 7
2 0 -21
18 -32 38
1 -28 32
7 4 1
7 4 -13
-11 19 -5
-24 -3 2
3 13 -8
-10 17 2
46 -101 -29
-19 1 1
10 14 6
-19 8 6
-18 -14 -7
48 -4 3
-2 -5 -127
-19 11 -2
-10 3 -19
-8 16 -2
49 -14 -13
-16 14 0
-6 35 10
1 21 6
1 9 -1
-17 7 0
13 19 -10
17 11 6
-4 0 -17
-21 -19 -1
0 3 -1
-20 -2 14
-23 39 -32
4 8 -13
-12 11 14
