2 22 -12
-11 20 9
8 18 -15
7 16 -1
31 0 -11
-17 17 -7
-20 14 -13
0 31 -4
-9 0 11
-18 3 14
-25 9 -3
4 19 2
0 24 -5
1 23 2
5 1 -6
-17 -19 -5
-7 5 16
14 -6 3
-17 9 6
-3 17 -11
-20 7 -1
-21 0 -12
-10 10 -2
-19 8 -6
3 19 -5
2 0 -1
-2 7 -21
-3 4 4
-8 -7 0
12 -30 16
-3 10 2
-23 0 1
-18 -2 0
-31 -92 28
-4 19 12
-4 22 11
-14 -9 -11
-5 22 -7
-7 -3 -6
-10 20 -12
-2 9 16
-3 17 -2
-51 8 -8
-15 0 4
-1 12 -5
4 10 -1
-26 -1 -9
-10 6 4
-1 8 21
-41 24 -85
-13 -5 -5
-25 5 1
87 -2 -129
0 7 10
-8 7 -8
2 18 13
-13 12 -18
-2 -2 25
-17 0 -5
-9 2 -9
39 0 -2
127 -60 5
-21 -12 6
-18 -1 -15
4 4 -18
0 10 -23
-6 14 3
-1 -22 -10
-12 5 3
-23 -1 -2
-4 -9 -51
-12 19 6
-17 0 7
-17 -10 -12
97 -61 -55
25 -10 -3
-28 10 2
-17 18 0
28 5 8
6 18 7
-14 0 15
-12 4 -3
25 -4 1
55 -58 6
1 14 -6
0 6 7
2 8 0
-8 22 -4
25 6 -6
-18 11 8
-19 -5 -7
26 -1 -17
4 0 15
37 26 -31
-13 7 -15
3 3 0
-7 2 -3
-4 16 -8
3 0 -7
36 9 33
-28 3 1
-1 0 -10
-11 25 2
-2 20 4
-8 10 -13
2 -2 5
-17 1 -13
-15 49 75
1 6 -23
-2 2 2
-22 3 7
-8 -5 2
-12 -4 -16
-6 0 -20
-18 10 0
1 -12 -9
-5 9 21
-2 10 0
-8 1 4
-10 -2 22
68 44 81
-11 5 -21
-12 -7 14
1 12 -15
-11 14 -5
-11 14 -17
-6 16 1
-3 0 -9
-12 -1 -17
-3 -16 -11
-20 1 -16
-7 -3 8
3 9 16
-124 26 -12
-4 0 19
5 11 -9
-22 8 12
-2 4 -1
-3 -1 14
9 24 5
-3 -10 11
-5 4 13
-18 2 0
-8 4 -14
-2 0 -4
0 12 7
-13 13 0
-1 0 -18
3 9 -10
0 20 -2
-12 -3 7
-22 99 8
3 -6 -7
-12 13 9
-20 4 4
-10 -5 15
-4 -1 -22
-9 12 -11
-16 12 -8
-1 6 -25
-8 14 -4
-6 -4 0
11 8 -6
-15 -4 9
-2 2 -17
-16 8 -2
-13 -14 -5
5 4 21
-21 3 -5
1 0 5
28 -5 -25
-22 14 -6
0 15 0
9 3 -9
-8 1 1
-13 11 3
1 15 -17
0 13 9
-6 8 -5
-6 -1 -13
1 6 -15
1 -4 -9
-2 17 6
-22 11 -8
-9 22 1
-7 7 0
-14 -10 3
-13 -1 -9
-14 -13 -2
-4 27 1
-8 -3 -12
-19 7 -12
-27 -7 0
-5 13 13
4 -10 -12
-8 -12 -4
11 13 -19
14 -18 -4
-3 0 10
27 0 -6
5 7 -4
-21 75 -48
0 -5 -4
2 1 10
-4 -2 4
-48 -31 4
3 3 -11
-8 -7 -8
0 16 19
7 14 19
2 -6 0
76 63 0
7 3 -118
-1 -2 0
-10 12 7
-3 10 -10
-12 -8 5
-4 -4 13
-5 13 -16
-1 1 18
-13 7 -9
-15 2 18
-13 1 -9
-5 9 8
27 95 -27
2 -1 14
-23 14 1
27 -8 0
4 13 2
-15 19 0
