-8 13 -6
10 -5 -4
7 0 -6
-11 -1 -19
2 8 14
8 6 -12
-1 24 0
-37 -38 0
-17 -14 -14
16 17 -10
18 6 2
-16 -7 68
-6 -49 -8
-2 42 147
-6 15 1
23 -3 -6
17 -8 -15
-1 -39 -26
4 -4 -17
-1 19 7
5 -2 -23
25 9 -10
8 2 8
4 5 10
4 1 11
-7 4 -5
-2 13 -17
16 9 -4
19 11 7
9 -217 22
13 -6 17
6 -316 -6
10 -15 -8
1 5 18
1 6 1
2 8 4
14 -14 -3
11 14 0
-1 -4 -15
14 8 -14
21 7 11
4 31 19
-3 -35 -5
7 -16 -16
2 6 -7
1 14 4
11 24 -5
24 0 7
19 -9 0
4 13 -6
-87 8 73
9 -5 -12
5 -21 5
9 21 -8
2 13 -13
4 10 -1
19 -2 -14
0 18 -19
13 -10 8
-16 -99 -53
-29 34 17
-3 9 4
9 6 15
22 10 -13
46 2 13
-5 15 -19
-5 29 15
0 6 -15
22 2 5
-124 60 13
0 13 11
10 -4 -1
5 -14 -17
6 -15 -10
13 -9 -9
8 -12 -1
4 -24 4
7 5 -25
14 -2 -10
7 8 6
17 14 -3
9 1 -21
-2 16 12
3 3 40
3 5 -5
9 20 -5
11 17 50
10 13 -3
-4 11 9
4 -7 -18
-7 12 -3
12 3 17
-51 0 -44
77 260 13
12 12 -11
-5 5 -3
-146 99 -34
-1 20 4
-3 13 1
-11 1 -19
6 -4 -11
-1 10 -3
20 -2 -5
12 10 3
18 4 -8
8 -2 3
22 12 -9
7 -3 21
-5 11 -18
16 12 -8
11 -8 2
16 13 6
4 18 -2
4 3 -15
3 25 4
-1 10 14
-8 25 -1
13 -3 18
-4 0 -17
2 19 -9
2 10 -12
5 11 0
-1 5 -24
16 20 2
24 15 21
21 0 -12
12 -5 11
0 8 -2
2 17 0
-7 -14 23
21 8 -10
-16 -12 26
25 4 -4
-31 -136 -28
23 -2 0
10 15 10
5 11 18
17 -6 3
13 3 4
2 22 -10
-6 15 7
-17 -12 184
-8 6 -15
4 -5 -4
24 3 -6
-1 -7 -20
10 7 -3
8 16 5
7 15 11
6 3 32
14 7 9
-9 -13 24
7 17 -16
12 16 59
97 -2 -48
-1 7 -21
2 1 -17
17 5 -5
8 8 -8
2 20 12
12 2 11
18 14 9
4 2 4
11 8 9
7 18 7
3 24 7
24 10 1
1 -11 -13
-27 4 4
7 0 1
52 17 -30
8 22 1
4 10 9
0 -3 -26
-4 -1 -19
12 7 -1
18 17 1
-13 20 -23
-9 -82 -11
12 2 -4
4 2 -10
9 15 -17
-12 -8 -11
19 2 -1
20 -5 -6
-39 17 0
17 3 -21
-2 21 -14
24 11 -1
5 11 -20
11 1 -1
15 -3 -3
28 3 1
12 2 -16
6 4 0
6 -6 13
19 -14 -9
-9 18 12
20 -9 10
-7 5 24
-5 22 -6
9 0 -13
-6 16 -11
0 12 -9
18 -6 7
20 2 15
13 -2 -20
0 1 -12
13 12 18
-9 18 -1
13 -2 6
18 0 10
7 13 -11
2 8 23
13 4 -9
7 9 -17
18 4 -18
10 4 3
13 10 -19
24 -5 2
5 24 -1
15 16 -5
16 0 1
17 -1 13
-2 24 38
-7 2 -26
13 -10 -6
6 -10 -1
-2 17 -5
4 6 -24
