-1 13
-8 0
-2 -1
-5 16
-3 3
-7 3
-1 16
0 0
-2 0
-6 15
-8 0
-2 -1
-10 12
-3 0
-5 2
1 12
-3 8
0 2
-13 -6
-6 0
-4 2
-16 9
-1 -1
-4 1
-9 -2
2 -1
-17 -4
-7 14
-9 17
-1 3
-1 0
-8 -3
-7 -4
0 -1
-15 4
-15 4
-7 -4
-12 2
-7 1
-4 6
-4 10
-2 4
-15 0
-3 -8
-3 4
0 0
-13 -2
-7 4
-6 10
-6 7
-4 5
-14 2
-6 5
-13 -2
-8 4
-10 6
-5 4
-3 9
-4 3
-9 5
-2 3
0 4
-4 0
-16 9
0 0
-17 -4
-3 1
-4 10
-7 4
-8 -3
-3 -1
-8 0
-3 -8
-7 -4
-18 0
-1 -2
-6 5
-10 1
-15 0
-6 3
-6 14
-1 4
0 -1
-4 1
-3 4
-13 -2
0 0
-12 3
-3 6
-13 -6
-1 13
-2 0
0 0
-5 7
-7 9
3 -1
-4 0
-6 0
-5 2
-5 16
-14 2
-9 10
1 12
-6 -1
0 11
-12 0
-16 9
-10 8
-17 -4
-7 13
0 7
-9 17
-1 8
-1 6
2 10
0 -1
-5 13
-1 0
-10 -5
-14 6
-8 4
-10 6
-10 -1
-3 14
-4 4
-5 4
-3 1
-9 10
-1 8
-1 1
-16 9
-2 6
-11 10
-5 6
-1 9
-8 15
-10 8
-6 12
-4 9
-14 6
-2 6
-3 7
-9 -2
-6 0
-11 10
-5 9
-14 12
-10 15
-8 15
-6 8
-12 10
-2 1
-9 12
-7 7
0 6
0 9
-1 6
0 11
-2 3
-17 -4
-4 4
-9 17
0 2
-12 10
-10 15
-9 -6
-12 15
1 0
-3 2
-12 0
-1 -1
-8 8
-3 0
0 2
-10 -5
-14 12
-3 14
-5 9
-8 4
-12 7
-2 7
-9 12
-6 -1
-4 5
1 12
-4 -1
-18 6
-10 4
-12 15
-9 3
-12 7
-9 8
-5 12
-4 11
-8 1
-3 -1
-8 0
0 2
-3 10
0 -3
-7 2
-8 8
-3 9
-5 4
-6 10
-4 3
-8 6
-7 6
-4 12
-5 2
-7 6
-12 5
-7 9
-5 8
-7 7
-7 9
-18 6
-4 9
-5 6
-1 9
-6 11
-6 14
-10 4
-12 5
0 4
0 0
-18 0
-1 -2
-7 2
-10 1
