3 2
11 5
6 1
9 -8
18 -4
7 -16
5 -2
18 -1
4 0
4 4
2 4
0 -11
2 0
9 -3
3 -12
5 -8
-1 -15
13 -8
6 4
2 -9
5 -11
6 -5
6 3
4 1
3 7
10 -10
6 -6
-4 -13
4 3
9 -5
0 -4
6 3
6 -4
9 -11
10 3
0 -8
1 -6
2 -2
1 -3
6 0
8 -6
9 8
13 -4
7 -10
2 -7
9 -7
7 -2
4 4
3 -17
6 -8
7 -8
16 -13
7 -10
4 5
9 -9
-1 -13
9 -13
5 10
14 0
8 -11
6 -8
4 -6
4 -4
20 -7
4 -7
3 -5
12 -1
6 -13
5 -6
-7 -8
12 1
7 -8
12 -9
7 7
7 -3
-2 -11
12 -9
7 2
-1 -9
1 5
12 -5
8 -10
5 -1
3 -7
-4 -7
1 -4
5 -10
9 -4
12 0
7 -6
13 -10
13 -5
12 -10
-1 -9
3 -1
7 -7
-1 -12
-2 -11
6 -14
14 -3
16 -13
3 -17
20 -7
3 -5
7 7
12 -9
-7 -8
3 -5
5 -1
16 -6
8 0
5 10
11 -12
-4 -2
2 3
9 0
-8 11
7 -11
4 1
8 -7
6 1
-4 -7
6 -2
2 0
10 1
7 -4
-1 -5
12 -2
7 -3
0 3
10 2
1 -3
16 -6
2 0
8 0
13 -5
1 -14
4 -7
2 -12
12 -9
3 -7
10 -8
12 -4
9 0
8 -5
11 -6
-3 -4
12 -12
14 -4
13 -2
0 -5
13 -12
12 -4
3 -9
3 -9
8 0
4 -4
6 -9
12 -7
16 -8
5 -4
1 -3
4 -3
5 -7
7 -7
15 -8
3 -5
5 -10
9 8
8 -3
-6 -10
10 2
3 -14
8 -9
8 -1
10 -12
8 -8
0 -5
-4 -5
13 -7
4 0
1 -4
11 -12
13 -2
8 0
-1 -15
1 -9
15 3
10 0
8 4
6 -7
-1 -5
7 -10
7 -16
5 -9
15 0
12 -4
18 -4
9 -3
8 0
10 -1
18 -1
0 -4
3 -11
9 -2
14 -4
9 -7
11 0
12 -12
8 -3
1 -14
12 -3
0 -11
-5 -4
11 -3
10 -10
10 3
12 -2
8 -6
5 -11
1 8
1 -9
-4 -13
16 -8
-3 -4
4 -8
6 0
0 -6
11 -3
14 -1
