-2 -1 -1
-10 -4 -8
6 -5 -2
3 -6 16
40 0 -1
1 -16 -13
-8 -8 -5
-9 -5 0
-7 -5 -13
-17 7 -4
-8 12 6
-25 -7 -1
-12 1 40
-13 -10 13
0 -11 22
-6 -2 8
-7 4 15
-8 -13 14
1 0 2
9 0 18
6 -16 -2
3 -5 6
3 -4 -5
-6 -10 -18
-17 -7 -12
2 -12 17
0 -3 13
4 8 21
23 47 73
-7 -19 21
-21 -2 -6
0 -3 -5
-4 -5 -7
6 -18 16
-18 -8 -1
-19 -13 -9
-3 1 20
-1 -9 -11
9 63 17
-3 22 4
-10 -15 8
4 -7 -10
-8 0 -38
26 122 0
-1 1 17
11 -9 12
1 -10 3
12 -3 13
-2 -8 0
9 -6 19
142 -39 16
0 -3 24
-1 -20 17
-3 9 20
2 -3 19
11 -16 1
3 -21 6
13 1 6
-1 26 2
8 -13 20
2 -7 11
9 -11 6
-49 0 -3
-10 5 9
7 -8 8
2 0 9
-8 -10 -10
3 0 14
-1 -5 9
16 -7 -7
-13 -8 3
-6 -5 18
-6 13 -28
-3 1 3
-1 -13 0
0 -10 -22
-2 -14 8
16 -10 1
-20 1 6
5 5 13
-14 -19 10
8 -20 12
18 -4 11
-22 4 0
14 -7 5
-15 0 14
7 -4 23
-2 63 -49
-9 -14 -9
-12 -20 6
-3 -14 12
99 -159 -17
0 -12 11
-19 3 8
-4 3 9
-4 -24 9
10 -19 3
14 5 16
5 -2 13
-22 -15 8
-2 -3 25
0 -7 0
-11 7 10
0 -1 6
10 -11 0
-1 -11 7
18 -8 -5
-1 5 26
19 -4 8
-5 -21 -3
0 -22 -8
14 0 8
-3 -18 3
-21 -1 0
-16 10 3
-11 -11 -1
-12 13 -10
0 -23 12
-9 0 0
9 28 -8
3 -5 0
11 -7 -5
3 -13 -7
-1 -8 -6
21 21 -59
-2 -14 -7
31 49 6
8 57 87
0 -14 -3
-16 5 2
26 3 0
7 -7 3
-7 -19 -1
-22 9 5
2 -16 3
-17 -14 8
0 4 12
5 0 54
-14 0 11
-3 -10 10
-19 2 -3
0 -23 2
-17 -19 5
-8 -13 22
-7 -6 12
-9 -24 9
8 2 11
-5 -16 4
-19 -12 11
-16 -14 1
-24 1 -8
-15 -2 5
-12 -18 14
-2 -8 15
13 -16 15
-9 14 44
-7 -1 4
1 -20 -2
-34 -2 -78
-20 -5 4
-5 -12 -5
-11 2 4
-7 1 23
-3 0 10
2 34 16
-8 -11 18
-11 87 -35
6 -16 8
7 -7 -8
-90 2 -1
3 -1 1
-12 -14 -16
2 -10 -2
2 -17 19
-6 -7 5
0 -20 7
-2 -27 6
7 -23 -3
-9 11 3
-7 -23 2
20 2 14
-1 -4 3
-5 -19 7
-16 -15 -2
-11 -3 9
-9 3 16
9 -1 20
-16 -6 -6
-22 -2 13
9 1 0
-8 -18 -8
-18 13 0
2 -19 14
3 -17 -12
4 -14 11
80 11 10
-21 -14 1
-14 -20 -8
-12 -6 14
-6 -10 2
-6 -13 -12
-7 -5 -1
-14 1 -1
-1 -9 20
-9 -2 13
-16 -14 14
14 -10 11
-12 -10 -9
-15 -2 2
-9 -14 0
6 -10 -4
-18 -6 10
-26 -6 1
-4 -1 -3
-14 -8 8
-8 23 -2
6 -12 13
-17 -9 4
-16 20 0
5 -15 0
-13 -1 -4
13 0 19
7 7 21
-23 -6 7
13 -15 7
1 2 20
0 30 3
10 -3 8
-10 -10 6
-14 -22 0
