-8 -13 -11
-14 -8 -21
3 -18 1
-21 1 54
-2 16 -59
13 9 -12
2 -12 4
12 -20 0
2 24 10
1 -9 -18
-11 -1 -2
3 -17 -6
17 0 -15
-123 10 110
29 -2 5
11 -14 10
21 18 0
8 2 2
3 -23 -4
-6 -54 -35
204 -70 -33
1 -28 -58
2 -4 -23
0 -23 6
-9 -14 2
-78 10 -3
21 -6 0
10 0 -17
15 3 0
20 6 1
6 2 6
5 -3 -21
21 0 8
10 4 10
0 -4 -15
-16 -6 0
-24 -22 -3
16 7 -18
5 0 24
7 -19 0
19 -8 -3
-2 -7 4
5 -26 3
-6 -16 -17
2 -9 9
7 59 -18
12 -21 10
15 48 15
7 -18 -13
-24 47 78
23 -7 7
16 12 7
7 5 13
8 10 4
2 -10 -3
12 3 18
7 -11 -17
8 -4 -11
6 -11 0
15 -4 -7
32 -69 -115
17 -6 17
15 -11 3
-6 -19 -5
-35 0 20
-15 -47 35
23 0 1
16 6 -8
54 3 91
-17 -17 3
0 -4 9
19 -5 5
19 -19 6
-11 4 9
11 -17 -9
22 -14 0
63 -8 -88
-3 -8 -7
-5 -11 21
-21 -11 -2
10 -11 -10
6 -1 2
0 -9 16
-7 -9 7
-21 -5 4
14 -14 -17
0 -14 -21
21 8 -11
21 -8 -16
-4 -46 -33
21 -12 13
84 -22 -187
17 -14 10
-7 -10 19
-5 -7 -17
-55 -60 91
11 0 20
21 -17 -1
-5 -16 9
14 -6 -12
15 13 5
5 -19 -11
-4 -17 -5
-93 2 15
-12 6 12
19 -17 15
12 19 1
92 -37 41
68 -16 2
12 6 4
-2 -17 15
9 -2 -9
11 -2 3
107 100 -86
6 26 -1
6 16 -22
9 -2 -25
32 -71 -26
3 -8 23
22 -4 -4
0 -19 4
-10 -24 1
1 -15 -15
-16 -90 -85
22 9 -2
-24 2 41
-9 16 18
14 0 -11
15 -14 -2
0 6 -6
33 -3 1
10 16 -10
15 6 6
11 -5 17
3 -19 15
108 71 79
-1 -25 -1
13 -9 13
20 -9 3
20 -14 8
-20 -7 13
17 7 -3
9 -1 -3
5 -12 14
10 -13 2
18 2 18
-6 -22 10
12 -6 -18
8 -9 -5
13 0 0
-11 -13 11
19 4 11
9 -14 -4
10 0 13
17 -8 8
0 -15 20
12 -9 8
12 18 13
17 -1 0
9 5 -1
14 0 -5
21 12 3
15 18 -4
15 -9 0
-27 57 45
14 10 0
-35 7 10
6 -4 -3
-2 -8 1
1 -16 9
5 -25 -2
-3 5 -11
8 -18 4
20 -5 11
18 14 -9
-2 -9 -12
-133 -21 -43
-6 -10 -23
-12 -1 0
20 -8 -8
-11 -18 7
10 13 9
17 0 4
20 1 -4
29 29 -3
-28 28 -40
-1 -5 19
7 -2 8
-3 -13 3
5 7 4
124 0 117
-14 10 15
-4 -6 -41
-5 -20 1
-1 9 -93
17 -16 -10
21 -2 -11
7 -12 20
15 -2 13
3 -1 -15
22 4 7
13 -18 2
12 -10 18
28 -3 8
35 16 -1
6 -8 5
1 -41 -54
12 -6 -4
17 -71 -33
23 -2 16
5 -6 17
13 10 15
1 -17 -4
5 10 11
22 1 -12
8 -7 11
6 -22 -105
13 0 7
12 13 -4
9 -7 0
9 -17 15
-3 -12 -2
9 2 -14
11 7 0
0 -14 0
33 -38 -71
6 -21 8
7 9 -15
6 -14 7
16 -11 -9
