14 9
-13 -9
5 0
0 5
14 5
-6 0
3 1
-4 -19
-13 8
6 -3
6 -15
15 1
1 10
-4 3
-7 -17
3 3
9 4
-1 8
12 2
8 0
2 1
2 2
12 -6
4 -6
-4 2
4 5
1 3
14 -3
6 -3
-6 4
0 1
12 -6
0 2
1 7
0 3
0 3
4 3
0 0
0 11
8 -8
2 2
0 14
-1 10
2 6
6 4
1 6
2 -14
7 -3
0 -19
1 3
2 4
3 12
2 9
-1 5
9 1
0 2
-3 6
3 15
-2 7
0 7
0 4
0 6
2 2
7 10
5 4
3 0
-1 7
-9 6
3 3
-21 7
0 11
2 4
3 7
-7 8
-2 11
-15 -8
5 7
3 4
-15 -1
0 -5
-3 10
0 7
-7 3
6 -15
-2 -6
4 9
2 5
-8 6
-2 5
1 4
6 6
-2 9
6 7
-15 -1
4 -1
1 3
0 2
-15 -8
-9 6
-4 9
3 12
0 -19
6 11
3 0
-7 8
5 7
-21 9
3 0
-7 2
-4 13
-2 3
3 15
0 12
-3 0
-1 1
5 1
0 -16
1 7
10 2
1 5
5 0
0 -1
-3 3
4 1
7 3
4 2
-6 6
-5 11
4 2
0 0
1 0
-4 7
-4 13
1 11
-2 3
-2 9
7 0
5 4
0 4
6 7
6 4
-3 8
2 12
7 3
3 2
-6 9
-1 0
-2 7
-3 10
-1 12
9 6
-1 3
-3 10
-1 6
1 1
6 1
0 0
-2 4
-2 8
-9 5
1 9
-4 3
-3 5
1 2
1 4
-3 13
3 0
3 4
0 14
-4 5
12 2
5 9
8 -8
3 6
9 4
-3 7
1 6
-5 7
6 -15
-1 9
-13 8
-6 0
0 6
0 9
7 1
10 4
9 0
-5 5
8 2
-2 3
2 3
-6 7
2 6
-6 0
2 4
-2 11
-1 10
14 5
-6 1
7 0
3 9
-4 -19
-5 6
-7 -17
6 0
-4 9
1 6
0 7
0 4
6 1
12 -5
0 11
15 1
14 9
-12 -12
4 5
6 2
0 10
2 2
2 1
9 -4
9 0
14 -3
-3 13
7 5
3 2
8 -8
3 8
-6 5
-1 10
