8.000000000000000000e+00 -9.000000000000000000e+00 0.000000000000000000e+00
7.000000000000000000e+00 -1.000000000000000000e+00 2.000000000000000000e+00
1.300000000000000000e+01 3.000000000000000000e+00 5.000000000000000000e+00
6.000000000000000000e+00 3.000000000000000000e+00 6.000000000000000000e+00
8.000000000000000000e+00 -3.000000000000000000e+00 8.000000000000000000e+00
4.000000000000000000e+00 -1.000000000000000000e+00 1.000000000000000000e+01
9.000000000000000000e+00 4.000000000000000000e+00 1.300000000000000000e+01
1.600000000000000000e+01 4.000000000000000000e+00 1.400000000000000000e+01
8.000000000000000000e+00 -5.000000000000000000e+00 1.600000000000000000e+01
1.200000000000000000e+01 -7.000000000000000000e+00 1.800000000000000000e+01
9.000000000000000000e+00 3.000000000000000000e+00 1.900000000000000000e+01
8.000000000000000000e+00 -7.000000000000000000e+00 2.200000000000000000e+01
1.400000000000000000e+01 1.000000000000000000e+00 2.700000000000000000e+01
1.200000000000000000e+01 3.000000000000000000e+00 2.900000000000000000e+01
8.000000000000000000e+00 -7.000000000000000000e+00 3.100000000000000000e+01
1.000000000000000000e+01 0.000000000000000000e+00 3.500000000000000000e+01
7.000000000000000000e+00 3.000000000000000000e+00 3.600000000000000000e+01
3.000000000000000000e+00 3.000000000000000000e+00 3.700000000000000000e+01
6.000000000000000000e+00 0.000000000000000000e+00 3.900000000000000000e+01
5.000000000000000000e+00 -3.000000000000000000e+00 4.100000000000000000e+01
8.000000000000000000e+00 3.000000000000000000e+00 4.400000000000000000e+01
3.000000000000000000e+00 1.000000000000000000e+00 4.700000000000000000e+01
9.000000000000000000e+00 1.000000000000000000e+00 4.800000000000000000e+01
1.700000000000000000e+01 1.000000000000000000e+00 5.100000000000000000e+01
3.000000000000000000e+00 3.000000000000000000e+00 6.200000000000000000e+01
5.000000000000000000e+00 2.000000000000000000e+00 6.500000000000000000e+01
4.000000000000000000e+00 -2.000000000000000000e+00 6.700000000000000000e+01
3.000000000000000000e+00 -3.000000000000000000e+00 6.900000000000000000e+01
1.300000000000000000e+01 -3.000000000000000000e+00 7.300000000000000000e+01
7.000000000000000000e+00 2.000000000000000000e+00 8.200000000000000000e+01
1.100000000000000000e+01 2.000000000000000000e+00 8.700000000000000000e+01
3.000000000000000000e+00 0.000000000000000000e+00 9.300000000000000000e+01
5.000000000000000000e+00 0.000000000000000000e+00 9.800000000000000000e+01
1.700000000000000000e+01 1.000000000000000000e+00 1.000000000000000000e+02
9.000000000000000000e+00 1.000000000000000000e+00 1.010000000000000000e+02
5.000000000000000000e+00 2.000000000000000000e+00 1.030000000000000000e+02
1.300000000000000000e+01 -3.000000000000000000e+00 1.040000000000000000e+02
3.000000000000000000e+00 -3.000000000000000000e+00 1.060000000000000000e+02
5.000000000000000000e+00 2.000000000000000000e+00 1.070000000000000000e+02
7.000000000000000000e+00 2.000000000000000000e+00 1.080000000000000000e+02
1.500000000000000000e+01 -1.000000000000000000e+00 1.090000000000000000e+02
1.000000000000000000e+01 -1.000000000000000000e+00 1.100000000000000000e+02
5.000000000000000000e+00 -5.000000000000000000e+00 1.140000000000000000e+02
1.100000000000000000e+01 -1.000000000000000000e+00 1.150000000000000000e+02
6.000000000000000000e+00 -4.000000000000000000e+00 1.180000000000000000e+02
7.000000000000000000e+00 -1.000000000000000000e+00 1.200000000000000000e+02
5.000000000000000000e+00 1.000000000000000000e+00 1.220000000000000000e+02
5.000000000000000000e+00 -5.000000000000000000e+00 1.260000000000000000e+02
3.000000000000000000e+00 -5.000000000000000000e+00 1.290000000000000000e+02
1.500000000000000000e+01 -1.000000000000000000e+00 1.320000000000000000e+02
9.000000000000000000e+00 -1.000000000000000000e+00 1.340000000000000000e+02
8.000000000000000000e+00 0.000000000000000000e+00 1.360000000000000000e+02
1.100000000000000000e+01 -1.000000000000000000e+00 1.430000000000000000e+02
5.000000000000000000e+00 -6.000000000000000000e+00 1.460000000000000000e+02
5.000000000000000000e+00 0.000000000000000000e+00 1.500000000000000000e+02
1.000000000000000000e+01 -1.000000000000000000e+00 1.550000000000000000e+02
3.000000000000000000e+00 3.000000000000000000e+00 1.560000000000000000e+02
7.000000000000000000e+00 3.000000000000000000e+00 1.620000000000000000e+02
5.000000000000000000e+00 2.000000000000000000e+00 1.660000000000000000e+02
5.000000000000000000e+00 -3.000000000000000000e+00 1.680000000000000000e+02
1.200000000000000000e+01 -7.000000000000000000e+00 1.700000000000000000e+02
1.000000000000000000e+01 -3.000000000000000000e+00 1.710000000000000000e+02
7.000000000000000000e+00 0.000000000000000000e+00 1.720000000000000000e+02
1.000000000000000000e+01 0.000000000000000000e+00 1.740000000000000000e+02
6.000000000000000000e+00 -5.000000000000000000e+00 1.770000000000000000e+02
4.000000000000000000e+00 -1.000000000000000000e+00 1.780000000000000000e+02
8.000000000000000000e+00 -3.000000000000000000e+00 1.800000000000000000e+02
1.000000000000000000e+01 0.000000000000000000e+00 1.840000000000000000e+02
9.000000000000000000e+00 3.000000000000000000e+00 1.860000000000000000e+02
6.000000000000000000e+00 -2.000000000000000000e+00 1.890000000000000000e+02
5.000000000000000000e+00 -5.000000000000000000e+00 1.910000000000000000e+02
9.000000000000000000e+00 4.000000000000000000e+00 1.980000000000000000e+02
1.000000000000000000e+01 0.000000000000000000e+00 1.990000000000000000e+02
1.600000000000000000e+01 4.000000000000000000e+00 2.030000000000000000e+02
1.100000000000000000e+01 1.000000000000000000e+00 2.040000000000000000e+02
8.000000000000000000e+00 0.000000000000000000e+00 2.100000000000000000e+02
8.000000000000000000e+00 -9.000000000000000000e+00 2.130000000000000000e+02
1.100000000000000000e+01 -3.000000000000000000e+00 2.160000000000000000e+02
9.000000000000000000e+00 3.000000000000000000e+00 2.210000000000000000e+02
1.400000000000000000e+01 1.000000000000000000e+00 2.220000000000000000e+02
5.000000000000000000e+00 -7.000000000000000000e+00 2.240000000000000000e+02
6.000000000000000000e+00 0.000000000000000000e+00 2.260000000000000000e+02
6.000000000000000000e+00 -2.000000000000000000e+00 2.270000000000000000e+02
3.000000000000000000e+00 2.000000000000000000e+00 2.550000000000000000e+02
3.000000000000000000e+00 -1.000000000000000000e+01 3.040000000000000000e+02
3.000000000000000000e+00 2.000000000000000000e+00 3.250000000000000000e+02
3.000000000000000000e+00 -1.000000000000000000e+01 4.560000000000000000e+02
