8.000000000000000000e+00 7.000000000000000000e+00 3.500000000000000000e+01
1.100000000000000000e+01 8.000000000000000000e+00 8.400000000000000000e+01
4.000000000000000000e+00 5.000000000000000000e+00 1.300000000000000000e+02
4.000000000000000000e+00 1.700000000000000000e+01 2.310000000000000000e+02
8.000000000000000000e+00 9.000000000000000000e+00 2.340000000000000000e+02
1.000000000000000000e+01 1.300000000000000000e+01 2.350000000000000000e+02
9.000000000000000000e+00 1.400000000000000000e+01 2.360000000000000000e+02
9.000000000000000000e+00 1.200000000000000000e+01 2.370000000000000000e+02
9.000000000000000000e+00 1.100000000000000000e+01 2.400000000000000000e+02
7.000000000000000000e+00 9.000000000000000000e+00 2.420000000000000000e+02
6.000000000000000000e+00 5.000000000000000000e+00 2.430000000000000000e+02
1.200000000000000000e+01 1.400000000000000000e+01 2.450000000000000000e+02
0.000000000000000000e+00 1.800000000000000000e+01 2.480000000000000000e+02
1.000000000000000000e+00 1.500000000000000000e+01 2.490000000000000000e+02
1.000000000000000000e+01 1.100000000000000000e+01 2.500000000000000000e+02
6.000000000000000000e+00 1.400000000000000000e+01 2.510000000000000000e+02
6.000000000000000000e+00 8.000000000000000000e+00 2.520000000000000000e+02
1.000000000000000000e+01 1.200000000000000000e+01 2.530000000000000000e+02
8.000000000000000000e+00 8.000000000000000000e+00 2.540000000000000000e+02
0.000000000000000000e+00 1.000000000000000000e+01 2.570000000000000000e+02
2.000000000000000000e+00 7.000000000000000000e+00 2.590000000000000000e+02
-4.000000000000000000e+00 1.800000000000000000e+01 2.600000000000000000e+02
1.000000000000000000e+01 1.000000000000000000e+01 2.610000000000000000e+02
9.000000000000000000e+00 8.000000000000000000e+00 2.620000000000000000e+02
1.100000000000000000e+01 7.000000000000000000e+00 2.640000000000000000e+02
1.100000000000000000e+01 7.000000000000000000e+00 2.650000000000000000e+02
7.000000000000000000e+00 1.800000000000000000e+01 2.660000000000000000e+02
7.000000000000000000e+00 1.100000000000000000e+01 2.670000000000000000e+02
-2.000000000000000000e+00 1.500000000000000000e+01 2.680000000000000000e+02
6.000000000000000000e+00 1.000000000000000000e+01 2.690000000000000000e+02
0.000000000000000000e+00 8.000000000000000000e+00 2.700000000000000000e+02
7.000000000000000000e+00 7.000000000000000000e+00 2.710000000000000000e+02
4.000000000000000000e+00 6.000000000000000000e+00 2.720000000000000000e+02
0.000000000000000000e+00 8.000000000000000000e+00 2.780000000000000000e+02
1.000000000000000000e+00 8.000000000000000000e+00 2.790000000000000000e+02
3.000000000000000000e+00 8.000000000000000000e+00 2.800000000000000000e+02
1.000000000000000000e+01 1.800000000000000000e+01 2.810000000000000000e+02
3.000000000000000000e+00 1.000000000000000000e+01 2.840000000000000000e+02
9.000000000000000000e+00 6.000000000000000000e+00 2.850000000000000000e+02
8.000000000000000000e+00 1.600000000000000000e+01 2.860000000000000000e+02
8.000000000000000000e+00 9.000000000000000000e+00 2.880000000000000000e+02
4.000000000000000000e+00 7.000000000000000000e+00 2.890000000000000000e+02
2.000000000000000000e+00 7.000000000000000000e+00 2.900000000000000000e+02
7.000000000000000000e+00 5.000000000000000000e+00 2.920000000000000000e+02
6.000000000000000000e+00 1.400000000000000000e+01 2.930000000000000000e+02
1.400000000000000000e+01 7.000000000000000000e+00 2.960000000000000000e+02
1.000000000000000000e+01 1.000000000000000000e+01 2.990000000000000000e+02
4.000000000000000000e+00 1.700000000000000000e+01 3.010000000000000000e+02
7.000000000000000000e+00 1.800000000000000000e+01 3.030000000000000000e+02
1.100000000000000000e+01 1.500000000000000000e+01 3.040000000000000000e+02
1.400000000000000000e+01 1.200000000000000000e+01 3.070000000000000000e+02
4.000000000000000000e+00 6.000000000000000000e+00 3.080000000000000000e+02
5.000000000000000000e+00 7.000000000000000000e+00 3.110000000000000000e+02
1.100000000000000000e+01 9.000000000000000000e+00 3.130000000000000000e+02
7.000000000000000000e+00 1.100000000000000000e+01 3.170000000000000000e+02
0.000000000000000000e+00 1.800000000000000000e+01 3.190000000000000000e+02
2.000000000000000000e+00 1.300000000000000000e+01 3.200000000000000000e+02
1.000000000000000000e+00 8.000000000000000000e+00 3.230000000000000000e+02
1.000000000000000000e+00 1.100000000000000000e+01 3.240000000000000000e+02
8.000000000000000000e+00 8.000000000000000000e+00 3.260000000000000000e+02
1.000000000000000000e+00 1.500000000000000000e+01 3.270000000000000000e+02
1.000000000000000000e+01 1.800000000000000000e+01 3.300000000000000000e+02
1.200000000000000000e+01 1.400000000000000000e+01 3.320000000000000000e+02
-2.000000000000000000e+00 1.300000000000000000e+01 3.340000000000000000e+02
6.000000000000000000e+00 1.400000000000000000e+01 3.360000000000000000e+02
5.000000000000000000e+00 5.000000000000000000e+00 3.370000000000000000e+02
0.000000000000000000e+00 1.000000000000000000e+01 3.390000000000000000e+02
1.300000000000000000e+01 9.000000000000000000e+00 3.400000000000000000e+02
-2.000000000000000000e+00 1.100000000000000000e+01 3.420000000000000000e+02
1.100000000000000000e+01 1.200000000000000000e+01 3.440000000000000000e+02
-4.000000000000000000e+00 1.800000000000000000e+01 3.470000000000000000e+02
4.000000000000000000e+00 1.300000000000000000e+01 3.490000000000000000e+02
3.000000000000000000e+00 1.000000000000000000e+01 3.500000000000000000e+02
9.000000000000000000e+00 6.000000000000000000e+00 3.510000000000000000e+02
0.000000000000000000e+00 1.100000000000000000e+01 3.520000000000000000e+02
5.000000000000000000e+00 1.100000000000000000e+01 3.540000000000000000e+02
8.000000000000000000e+00 1.600000000000000000e+01 3.550000000000000000e+02
1.400000000000000000e+01 7.000000000000000000e+00 3.560000000000000000e+02
-2.000000000000000000e+00 1.100000000000000000e+01 3.580000000000000000e+02
6.000000000000000000e+00 1.400000000000000000e+01 3.600000000000000000e+02
4.000000000000000000e+00 9.000000000000000000e+00 3.630000000000000000e+02
5.000000000000000000e+00 5.000000000000000000e+00 3.660000000000000000e+02
4.000000000000000000e+00 1.300000000000000000e+01 3.690000000000000000e+02
9.000000000000000000e+00 9.000000000000000000e+00 3.720000000000000000e+02
2.000000000000000000e+00 9.000000000000000000e+00 3.730000000000000000e+02
1.600000000000000000e+01 9.000000000000000000e+00 3.760000000000000000e+02
7.000000000000000000e+00 8.000000000000000000e+00 3.790000000000000000e+02
0.000000000000000000e+00 1.300000000000000000e+01 3.800000000000000000e+02
4.000000000000000000e+00 1.500000000000000000e+01 3.830000000000000000e+02
1.300000000000000000e+01 9.000000000000000000e+00 3.840000000000000000e+02
0.000000000000000000e+00 1.100000000000000000e+01 3.850000000000000000e+02
-1.000000000000000000e+00 1.300000000000000000e+01 3.870000000000000000e+02
9.000000000000000000e+00 1.200000000000000000e+01 3.880000000000000000e+02
5.000000000000000000e+00 1.100000000000000000e+01 3.900000000000000000e+02
0.000000000000000000e+00 1.300000000000000000e+01 3.930000000000000000e+02
1.100000000000000000e+01 1.200000000000000000e+01 3.950000000000000000e+02
8.000000000000000000e+00 1.000000000000000000e+01 3.980000000000000000e+02
9.000000000000000000e+00 1.300000000000000000e+01 4.010000000000000000e+02
1.600000000000000000e+01 9.000000000000000000e+00 4.050000000000000000e+02
3.000000000000000000e+00 1.000000000000000000e+01 4.080000000000000000e+02
9.000000000000000000e+00 1.300000000000000000e+01 4.130000000000000000e+02
1.200000000000000000e+01 1.400000000000000000e+01 4.140000000000000000e+02
4.000000000000000000e+00 1.100000000000000000e+01 4.150000000000000000e+02
5.000000000000000000e+00 8.000000000000000000e+00 4.170000000000000000e+02
3.000000000000000000e+00 1.100000000000000000e+01 4.190000000000000000e+02
8.000000000000000000e+00 1.300000000000000000e+01 4.210000000000000000e+02
6.000000000000000000e+00 6.000000000000000000e+00 4.220000000000000000e+02
1.000000000000000000e+00 7.000000000000000000e+00 4.230000000000000000e+02
4.000000000000000000e+00 8.000000000000000000e+00 4.310000000000000000e+02
1.000000000000000000e+00 8.000000000000000000e+00 4.380000000000000000e+02
2.000000000000000000e+00 1.000000000000000000e+01 4.420000000000000000e+02
4.000000000000000000e+00 1.500000000000000000e+01 4.440000000000000000e+02
1.000000000000000000e+00 1.000000000000000000e+01 4.450000000000000000e+02
-1.000000000000000000e+00 1.400000000000000000e+01 4.480000000000000000e+02
4.000000000000000000e+00 9.000000000000000000e+00 4.500000000000000000e+02
5.000000000000000000e+00 8.000000000000000000e+00 4.520000000000000000e+02
1.100000000000000000e+01 1.500000000000000000e+01 4.560000000000000000e+02
1.400000000000000000e+01 1.200000000000000000e+01 4.590000000000000000e+02
