5.000000000000000000e+00 -4.000000000000000000e+00 4.000000000000000000e+00
1.500000000000000000e+01 1.000000000000000000e+00 1.000000000000000000e+01
0.000000000000000000e+00 -3.000000000000000000e+00 1.200000000000000000e+01
1.000000000000000000e+01 2.000000000000000000e+00 1.800000000000000000e+01
4.000000000000000000e+00 -2.000000000000000000e+00 3.000000000000000000e+01
5.000000000000000000e+00 -6.000000000000000000e+00 3.600000000000000000e+01
-1.000000000000000000e+00 0.000000000000000000e+00 3.700000000000000000e+01
0.000000000000000000e+00 -3.000000000000000000e+00 3.800000000000000000e+01
4.000000000000000000e+00 -6.000000000000000000e+00 4.400000000000000000e+01
6.000000000000000000e+00 -7.000000000000000000e+00 5.300000000000000000e+01
1.000000000000000000e+01 -1.000000000000000000e+00 5.500000000000000000e+01
3.000000000000000000e+00 -6.000000000000000000e+00 6.100000000000000000e+01
1.000000000000000000e+00 -4.000000000000000000e+00 6.200000000000000000e+01
3.000000000000000000e+00 -6.000000000000000000e+00 6.400000000000000000e+01
1.300000000000000000e+01 -1.000000000000000000e+00 6.500000000000000000e+01
8.000000000000000000e+00 -6.000000000000000000e+00 6.700000000000000000e+01
0.000000000000000000e+00 -4.000000000000000000e+00 7.300000000000000000e+01
6.000000000000000000e+00 -6.000000000000000000e+00 7.700000000000000000e+01
1.000000000000000000e+00 -2.000000000000000000e+00 7.900000000000000000e+01
7.000000000000000000e+00 -5.000000000000000000e+00 8.200000000000000000e+01
7.000000000000000000e+00 0.000000000000000000e+00 8.300000000000000000e+01
3.000000000000000000e+00 -4.000000000000000000e+00 8.500000000000000000e+01
0.000000000000000000e+00 -5.000000000000000000e+00 9.400000000000000000e+01
9.000000000000000000e+00 -1.000000000000000000e+00 9.600000000000000000e+01
8.000000000000000000e+00 -6.000000000000000000e+00 9.800000000000000000e+01
1.300000000000000000e+01 -1.000000000000000000e+00 1.030000000000000000e+02
0.000000000000000000e+00 -4.000000000000000000e+00 1.040000000000000000e+02
1.300000000000000000e+01 -2.000000000000000000e+00 1.070000000000000000e+02
7.000000000000000000e+00 -5.000000000000000000e+00 1.080000000000000000e+02
1.200000000000000000e+01 -7.000000000000000000e+00 1.090000000000000000e+02
6.000000000000000000e+00 -1.000000000000000000e+00 1.140000000000000000e+02
7.000000000000000000e+00 -2.000000000000000000e+00 1.180000000000000000e+02
0.000000000000000000e+00 0.000000000000000000e+00 1.210000000000000000e+02
6.000000000000000000e+00 -2.000000000000000000e+00 1.260000000000000000e+02
5.000000000000000000e+00 -1.000000000000000000e+00 1.290000000000000000e+02
2.000000000000000000e+00 -4.000000000000000000e+00 1.310000000000000000e+02
1.200000000000000000e+01 -7.000000000000000000e+00 1.320000000000000000e+02
8.000000000000000000e+00 -2.000000000000000000e+00 1.330000000000000000e+02
9.000000000000000000e+00 -4.000000000000000000e+00 1.360000000000000000e+02
3.000000000000000000e+00 -6.000000000000000000e+00 1.370000000000000000e+02
3.000000000000000000e+00 -4.000000000000000000e+00 1.380000000000000000e+02
7.000000000000000000e+00 0.000000000000000000e+00 1.400000000000000000e+02
1.000000000000000000e+00 -2.000000000000000000e+00 1.460000000000000000e+02
3.000000000000000000e+00 -2.000000000000000000e+00 1.500000000000000000e+02
2.000000000000000000e+00 -5.000000000000000000e+00 1.560000000000000000e+02
1.300000000000000000e+01 -2.000000000000000000e+00 1.660000000000000000e+02
1.000000000000000000e+01 2.000000000000000000e+00 1.700000000000000000e+02
1.500000000000000000e+01 1.000000000000000000e+00 1.780000000000000000e+02
1.500000000000000000e+01 -7.000000000000000000e+00 1.790000000000000000e+02
2.000000000000000000e+00 -4.000000000000000000e+00 1.810000000000000000e+02
9.000000000000000000e+00 -7.000000000000000000e+00 1.890000000000000000e+02
6.000000000000000000e+00 -1.000000000000000000e+00 1.910000000000000000e+02
5.000000000000000000e+00 -4.000000000000000000e+00 1.970000000000000000e+02
6.000000000000000000e+00 -2.000000000000000000e+00 2.020000000000000000e+02
0.000000000000000000e+00 -3.000000000000000000e+00 2.200000000000000000e+02
4.000000000000000000e+00 -6.000000000000000000e+00 2.250000000000000000e+02
4.000000000000000000e+00 0.000000000000000000e+00 2.320000000000000000e+02
1.000000000000000000e+00 3.000000000000000000e+00 2.340000000000000000e+02
2.000000000000000000e+00 3.000000000000000000e+00 2.370000000000000000e+02
3.000000000000000000e+00 2.000000000000000000e+00 2.430000000000000000e+02
0.000000000000000000e+00 2.000000000000000000e+00 2.440000000000000000e+02
5.000000000000000000e+00 3.000000000000000000e+00 2.490000000000000000e+02
0.000000000000000000e+00 2.000000000000000000e+00 2.500000000000000000e+02
2.000000000000000000e+00 0.000000000000000000e+00 2.520000000000000000e+02
3.000000000000000000e+00 3.000000000000000000e+00 2.530000000000000000e+02
0.000000000000000000e+00 -1.000000000000000000e+00 2.550000000000000000e+02
1.100000000000000000e+01 9.000000000000000000e+00 2.560000000000000000e+02
2.000000000000000000e+00 -1.000000000000000000e+00 2.730000000000000000e+02
1.000000000000000000e+00 1.000000000000000000e+00 2.750000000000000000e+02
0.000000000000000000e+00 3.000000000000000000e+00 2.880000000000000000e+02
3.000000000000000000e+00 0.000000000000000000e+00 2.920000000000000000e+02
3.000000000000000000e+00 0.000000000000000000e+00 2.940000000000000000e+02
1.100000000000000000e+01 9.000000000000000000e+00 2.950000000000000000e+02
7.000000000000000000e+00 4.000000000000000000e+00 2.960000000000000000e+02
4.000000000000000000e+00 5.000000000000000000e+00 2.990000000000000000e+02
3.000000000000000000e+00 2.000000000000000000e+00 3.000000000000000000e+02
2.000000000000000000e+00 -1.000000000000000000e+00 3.020000000000000000e+02
1.000000000000000000e+01 5.000000000000000000e+00 3.040000000000000000e+02
3.000000000000000000e+00 1.000000000000000000e+00 3.050000000000000000e+02
-1.000000000000000000e+00 3.000000000000000000e+00 3.090000000000000000e+02
2.000000000000000000e+00 1.000000000000000000e+00 3.120000000000000000e+02
3.000000000000000000e+00 4.000000000000000000e+00 3.130000000000000000e+02
1.000000000000000000e+00 1.000000000000000000e+00 3.160000000000000000e+02
0.000000000000000000e+00 0.000000000000000000e+00 3.220000000000000000e+02
0.000000000000000000e+00 -1.000000000000000000e+00 3.250000000000000000e+02
6.000000000000000000e+00 2.000000000000000000e+00 3.260000000000000000e+02
5.000000000000000000e+00 3.000000000000000000e+00 3.270000000000000000e+02
0.000000000000000000e+00 2.000000000000000000e+00 3.280000000000000000e+02
1.100000000000000000e+01 9.000000000000000000e+00 3.380000000000000000e+02
4.000000000000000000e+00 5.000000000000000000e+00 3.440000000000000000e+02
1.000000000000000000e+00 0.000000000000000000e+00 3.450000000000000000e+02
7.000000000000000000e+00 6.000000000000000000e+00 3.480000000000000000e+02
7.000000000000000000e+00 4.000000000000000000e+00 3.560000000000000000e+02
3.000000000000000000e+00 4.000000000000000000e+00 3.720000000000000000e+02
4.000000000000000000e+00 3.000000000000000000e+00 3.730000000000000000e+02
1.100000000000000000e+01 9.000000000000000000e+00 3.890000000000000000e+02
4.000000000000000000e+00 5.000000000000000000e+00 3.950000000000000000e+02
0.000000000000000000e+00 0.000000000000000000e+00 3.970000000000000000e+02
4.000000000000000000e+00 1.000000000000000000e+00 4.000000000000000000e+02
3.000000000000000000e+00 2.000000000000000000e+00 4.020000000000000000e+02
1.000000000000000000e+00 3.000000000000000000e+00 4.030000000000000000e+02
5.000000000000000000e+00 4.000000000000000000e+00 4.250000000000000000e+02
0.000000000000000000e+00 1.000000000000000000e+00 4.260000000000000000e+02
0.000000000000000000e+00 1.000000000000000000e+00 4.300000000000000000e+02
2.000000000000000000e+00 3.000000000000000000e+00 4.350000000000000000e+02
-1.000000000000000000e+00 2.000000000000000000e+00 4.370000000000000000e+02
1.100000000000000000e+01 -4.000000000000000000e+00 4.390000000000000000e+02
1.100000000000000000e+01 -4.000000000000000000e+00 4.400000000000000000e+02
0.000000000000000000e+00 0.000000000000000000e+00 4.550000000000000000e+02
1.000000000000000000e+01 5.000000000000000000e+00 4.560000000000000000e+02
3.000000000000000000e+00 1.000000000000000000e+00 4.570000000000000000e+02
0.000000000000000000e+00 2.000000000000000000e+00 4.580000000000000000e+02
