1.400000000000000000e+01 9.000000000000000000e+00 0.000000000000000000e+00
5.000000000000000000e+00 0.000000000000000000e+00 2.000000000000000000e+00
1.400000000000000000e+01 5.000000000000000000e+00 4.000000000000000000e+00
3.000000000000000000e+00 1.000000000000000000e+00 6.000000000000000000e+00
6.000000000000000000e+00 -3.000000000000000000e+00 9.000000000000000000e+00
1.500000000000000000e+01 1.000000000000000000e+00 1.100000000000000000e+01
3.000000000000000000e+00 3.000000000000000000e+00 1.500000000000000000e+01
9.000000000000000000e+00 4.000000000000000000e+00 1.600000000000000000e+01
1.200000000000000000e+01 2.000000000000000000e+00 1.800000000000000000e+01
8.000000000000000000e+00 0.000000000000000000e+00 1.900000000000000000e+01
2.000000000000000000e+00 1.000000000000000000e+00 2.000000000000000000e+01
2.000000000000000000e+00 2.000000000000000000e+00 2.100000000000000000e+01
1.200000000000000000e+01 -6.000000000000000000e+00 2.200000000000000000e+01
4.000000000000000000e+00 5.000000000000000000e+00 2.500000000000000000e+01
1.000000000000000000e+00 3.000000000000000000e+00 2.600000000000000000e+01
1.400000000000000000e+01 -3.000000000000000000e+00 2.700000000000000000e+01
6.000000000000000000e+00 -3.000000000000000000e+00 2.800000000000000000e+01
0.000000000000000000e+00 1.000000000000000000e+00 3.000000000000000000e+01
1.200000000000000000e+01 -6.000000000000000000e+00 3.100000000000000000e+01
0.000000000000000000e+00 2.000000000000000000e+00 3.200000000000000000e+01
0.000000000000000000e+00 3.000000000000000000e+00 3.400000000000000000e+01
0.000000000000000000e+00 3.000000000000000000e+00 3.500000000000000000e+01
4.000000000000000000e+00 3.000000000000000000e+00 3.600000000000000000e+01
0.000000000000000000e+00 0.000000000000000000e+00 3.700000000000000000e+01
2.000000000000000000e+00 2.000000000000000000e+00 4.000000000000000000e+01
2.000000000000000000e+00 6.000000000000000000e+00 4.300000000000000000e+01
6.000000000000000000e+00 4.000000000000000000e+00 4.400000000000000000e+01
7.000000000000000000e+00 -3.000000000000000000e+00 4.700000000000000000e+01
1.000000000000000000e+00 3.000000000000000000e+00 4.900000000000000000e+01
2.000000000000000000e+00 4.000000000000000000e+00 5.000000000000000000e+01
9.000000000000000000e+00 1.000000000000000000e+00 5.400000000000000000e+01
0.000000000000000000e+00 2.000000000000000000e+00 5.500000000000000000e+01
0.000000000000000000e+00 4.000000000000000000e+00 6.000000000000000000e+01
2.000000000000000000e+00 2.000000000000000000e+00 6.200000000000000000e+01
7.000000000000000000e+00 1.000000000000000000e+01 6.300000000000000000e+01
5.000000000000000000e+00 4.000000000000000000e+00 6.400000000000000000e+01
3.000000000000000000e+00 0.000000000000000000e+00 6.500000000000000000e+01
3.000000000000000000e+00 3.000000000000000000e+00 6.800000000000000000e+01
2.000000000000000000e+00 4.000000000000000000e+00 7.100000000000000000e+01
3.000000000000000000e+00 7.000000000000000000e+00 7.200000000000000000e+01
5.000000000000000000e+00 7.000000000000000000e+00 7.600000000000000000e+01
3.000000000000000000e+00 4.000000000000000000e+00 7.700000000000000000e+01
2.000000000000000000e+00 5.000000000000000000e+00 8.600000000000000000e+01
1.000000000000000000e+00 4.000000000000000000e+00 8.900000000000000000e+01
6.000000000000000000e+00 6.000000000000000000e+00 9.000000000000000000e+01
6.000000000000000000e+00 7.000000000000000000e+00 9.200000000000000000e+01
4.000000000000000000e+00 -1.000000000000000000e+00 9.400000000000000000e+01
1.000000000000000000e+00 3.000000000000000000e+00 9.500000000000000000e+01
0.000000000000000000e+00 2.000000000000000000e+00 9.600000000000000000e+01
3.000000000000000000e+00 0.000000000000000000e+00 1.030000000000000000e+02
5.000000000000000000e+00 7.000000000000000000e+00 1.050000000000000000e+02
3.000000000000000000e+00 0.000000000000000000e+00 1.070000000000000000e+02
-1.000000000000000000e+00 1.000000000000000000e+00 1.140000000000000000e+02
5.000000000000000000e+00 1.000000000000000000e+00 1.150000000000000000e+02
1.000000000000000000e+01 2.000000000000000000e+00 1.180000000000000000e+02
1.000000000000000000e+00 5.000000000000000000e+00 1.190000000000000000e+02
5.000000000000000000e+00 0.000000000000000000e+00 1.200000000000000000e+02
0.000000000000000000e+00 -1.000000000000000000e+00 1.210000000000000000e+02
4.000000000000000000e+00 1.000000000000000000e+00 1.230000000000000000e+02
7.000000000000000000e+00 3.000000000000000000e+00 1.240000000000000000e+02
4.000000000000000000e+00 2.000000000000000000e+00 1.250000000000000000e+02
4.000000000000000000e+00 2.000000000000000000e+00 1.280000000000000000e+02
0.000000000000000000e+00 0.000000000000000000e+00 1.290000000000000000e+02
1.000000000000000000e+00 0.000000000000000000e+00 1.300000000000000000e+02
7.000000000000000000e+00 0.000000000000000000e+00 1.360000000000000000e+02
5.000000000000000000e+00 4.000000000000000000e+00 1.370000000000000000e+02
0.000000000000000000e+00 4.000000000000000000e+00 1.380000000000000000e+02
6.000000000000000000e+00 7.000000000000000000e+00 1.390000000000000000e+02
6.000000000000000000e+00 4.000000000000000000e+00 1.400000000000000000e+02
7.000000000000000000e+00 3.000000000000000000e+00 1.430000000000000000e+02
3.000000000000000000e+00 2.000000000000000000e+00 1.440000000000000000e+02
-1.000000000000000000e+00 0.000000000000000000e+00 1.460000000000000000e+02
9.000000000000000000e+00 6.000000000000000000e+00 1.500000000000000000e+02
-1.000000000000000000e+00 3.000000000000000000e+00 1.510000000000000000e+02
1.000000000000000000e+00 1.000000000000000000e+00 1.540000000000000000e+02
6.000000000000000000e+00 1.000000000000000000e+00 1.550000000000000000e+02
0.000000000000000000e+00 0.000000000000000000e+00 1.560000000000000000e+02
1.000000000000000000e+00 2.000000000000000000e+00 1.630000000000000000e+02
1.000000000000000000e+00 4.000000000000000000e+00 1.640000000000000000e+02
3.000000000000000000e+00 0.000000000000000000e+00 1.660000000000000000e+02
3.000000000000000000e+00 4.000000000000000000e+00 1.670000000000000000e+02
1.200000000000000000e+01 2.000000000000000000e+00 1.700000000000000000e+02
3.000000000000000000e+00 6.000000000000000000e+00 1.730000000000000000e+02
9.000000000000000000e+00 4.000000000000000000e+00 1.740000000000000000e+02
7.000000000000000000e+00 1.000000000000000000e+00 1.840000000000000000e+02
1.000000000000000000e+01 4.000000000000000000e+00 1.850000000000000000e+02
9.000000000000000000e+00 0.000000000000000000e+00 1.860000000000000000e+02
8.000000000000000000e+00 2.000000000000000000e+00 1.880000000000000000e+02
2.000000000000000000e+00 3.000000000000000000e+00 1.900000000000000000e+02
2.000000000000000000e+00 6.000000000000000000e+00 1.920000000000000000e+02
2.000000000000000000e+00 4.000000000000000000e+00 1.940000000000000000e+02
1.400000000000000000e+01 5.000000000000000000e+00 1.970000000000000000e+02
7.000000000000000000e+00 0.000000000000000000e+00 1.990000000000000000e+02
6.000000000000000000e+00 0.000000000000000000e+00 2.040000000000000000e+02
0.000000000000000000e+00 4.000000000000000000e+00 2.080000000000000000e+02
6.000000000000000000e+00 1.000000000000000000e+00 2.090000000000000000e+02
1.200000000000000000e+01 -5.000000000000000000e+00 2.100000000000000000e+02
1.500000000000000000e+01 1.000000000000000000e+00 2.120000000000000000e+02
1.400000000000000000e+01 9.000000000000000000e+00 2.130000000000000000e+02
4.000000000000000000e+00 5.000000000000000000e+00 2.150000000000000000e+02
6.000000000000000000e+00 2.000000000000000000e+00 2.160000000000000000e+02
2.000000000000000000e+00 2.000000000000000000e+00 2.180000000000000000e+02
2.000000000000000000e+00 1.000000000000000000e+00 2.190000000000000000e+02
9.000000000000000000e+00 -4.000000000000000000e+00 2.200000000000000000e+02
9.000000000000000000e+00 0.000000000000000000e+00 2.210000000000000000e+02
1.400000000000000000e+01 -3.000000000000000000e+00 2.220000000000000000e+02
7.000000000000000000e+00 5.000000000000000000e+00 2.240000000000000000e+02
3.000000000000000000e+00 2.000000000000000000e+00 2.250000000000000000e+02
1.000000000000000000e+01 8.000000000000000000e+00 2.320000000000000000e+02
3.000000000000000000e+00 -3.000000000000000000e+00 2.370000000000000000e+02
3.000000000000000000e+00 -3.000000000000000000e+00 2.410000000000000000e+02
2.000000000000000000e+00 -3.000000000000000000e+00 2.430000000000000000e+02
-1.000000000000000000e+00 -1.000000000000000000e+00 2.470000000000000000e+02
0.000000000000000000e+00 -2.000000000000000000e+00 2.500000000000000000e+02
2.000000000000000000e+00 -3.000000000000000000e+00 2.520000000000000000e+02
2.000000000000000000e+00 0.000000000000000000e+00 2.550000000000000000e+02
2.000000000000000000e+00 -1.000000000000000000e+00 2.610000000000000000e+02
1.100000000000000000e+01 6.000000000000000000e+00 2.620000000000000000e+02
3.000000000000000000e+00 0.000000000000000000e+00 2.630000000000000000e+02
1.100000000000000000e+01 6.000000000000000000e+00 2.660000000000000000e+02
3.000000000000000000e+00 -2.000000000000000000e+00 2.940000000000000000e+02
2.000000000000000000e+00 -1.000000000000000000e+00 2.990000000000000000e+02
1.100000000000000000e+01 6.000000000000000000e+00 3.030000000000000000e+02
1.200000000000000000e+01 -1.000000000000000000e+00 3.040000000000000000e+02
9.000000000000000000e+00 9.000000000000000000e+00 3.050000000000000000e+02
0.000000000000000000e+00 -1.000000000000000000e+00 3.120000000000000000e+02
2.000000000000000000e+00 0.000000000000000000e+00 3.250000000000000000e+02
9.000000000000000000e+00 -6.000000000000000000e+00 3.430000000000000000e+02
1.000000000000000000e+00 -2.000000000000000000e+00 3.450000000000000000e+02
1.100000000000000000e+01 1.200000000000000000e+01 3.680000000000000000e+02
0.000000000000000000e+00 -2.000000000000000000e+00 3.720000000000000000e+02
9.000000000000000000e+00 -6.000000000000000000e+00 3.860000000000000000e+02
0.000000000000000000e+00 0.000000000000000000e+00 3.970000000000000000e+02
2.000000000000000000e+00 -3.000000000000000000e+00 4.000000000000000000e+02
1.100000000000000000e+01 -3.000000000000000000e+00 4.090000000000000000e+02
1.100000000000000000e+01 -3.000000000000000000e+00 4.200000000000000000e+02
1.000000000000000000e+01 9.000000000000000000e+00 4.260000000000000000e+02
7.000000000000000000e+00 -5.000000000000000000e+00 4.280000000000000000e+02
1.100000000000000000e+01 1.200000000000000000e+01 4.470000000000000000e+02
1.200000000000000000e+01 -1.000000000000000000e+00 4.560000000000000000e+02
9.000000000000000000e+00 9.000000000000000000e+00 4.570000000000000000e+02
