-5.000000000000000000e+00 -2.000000000000000000e+00 0.000000000000000000e+00
-6.000000000000000000e+00 -3.000000000000000000e+00 1.000000000000000000e+00
-3.000000000000000000e+00 -2.000000000000000000e+00 2.000000000000000000e+00
-1.100000000000000000e+01 -4.000000000000000000e+00 5.000000000000000000e+00
-7.000000000000000000e+00 -1.000000000000000000e+00 8.000000000000000000e+00
-1.000000000000000000e+01 -2.000000000000000000e+00 1.600000000000000000e+01
-9.000000000000000000e+00 -6.000000000000000000e+00 1.900000000000000000e+01
-1.200000000000000000e+01 -9.000000000000000000e+00 2.000000000000000000e+01
-4.000000000000000000e+00 -2.000000000000000000e+00 2.200000000000000000e+01
-2.000000000000000000e+00 -3.000000000000000000e+00 2.300000000000000000e+01
-4.000000000000000000e+00 -5.000000000000000000e+00 2.400000000000000000e+01
-1.500000000000000000e+01 0.000000000000000000e+00 2.700000000000000000e+01
-4.000000000000000000e+00 -3.000000000000000000e+00 3.100000000000000000e+01
-1.000000000000000000e+00 -4.000000000000000000e+00 3.200000000000000000e+01
-4.000000000000000000e+00 -7.000000000000000000e+00 3.500000000000000000e+01
-3.000000000000000000e+00 -3.000000000000000000e+00 3.900000000000000000e+01
-2.000000000000000000e+00 -5.000000000000000000e+00 4.600000000000000000e+01
-8.000000000000000000e+00 -3.000000000000000000e+00 4.800000000000000000e+01
-1.100000000000000000e+01 0.000000000000000000e+00 5.700000000000000000e+01
-9.000000000000000000e+00 -9.000000000000000000e+00 6.300000000000000000e+01
-1.400000000000000000e+01 -5.000000000000000000e+00 6.900000000000000000e+01
-2.000000000000000000e+00 -6.000000000000000000e+00 7.400000000000000000e+01
-1.400000000000000000e+01 1.000000000000000000e+00 7.500000000000000000e+01
-9.000000000000000000e+00 -7.000000000000000000e+00 8.600000000000000000e+01
-4.000000000000000000e+00 -8.000000000000000000e+00 8.700000000000000000e+01
-1.400000000000000000e+01 1.000000000000000000e+00 9.700000000000000000e+01
-8.000000000000000000e+00 -3.000000000000000000e+00 1.010000000000000000e+02
-9.000000000000000000e+00 -9.000000000000000000e+00 1.020000000000000000e+02
-1.400000000000000000e+01 -5.000000000000000000e+00 1.060000000000000000e+02
-5.000000000000000000e+00 -6.000000000000000000e+00 1.100000000000000000e+02
-1.100000000000000000e+01 0.000000000000000000e+00 1.110000000000000000e+02
-6.000000000000000000e+00 -7.000000000000000000e+00 1.150000000000000000e+02
-3.000000000000000000e+00 -2.000000000000000000e+00 1.200000000000000000e+02
-1.000000000000000000e+00 -2.000000000000000000e+00 1.220000000000000000e+02
-2.000000000000000000e+00 -2.000000000000000000e+00 1.230000000000000000e+02
-1.000000000000000000e+00 -5.000000000000000000e+00 1.280000000000000000e+02
-6.000000000000000000e+00 -7.000000000000000000e+00 1.340000000000000000e+02
-7.000000000000000000e+00 -1.000000000000000000e+01 1.440000000000000000e+02
-6.000000000000000000e+00 -7.000000000000000000e+00 1.550000000000000000e+02
-3.000000000000000000e+00 0.000000000000000000e+00 1.610000000000000000e+02
-5.000000000000000000e+00 -8.000000000000000000e+00 1.690000000000000000e+02
-8.000000000000000000e+00 -3.000000000000000000e+00 1.720000000000000000e+02
-7.000000000000000000e+00 -1.000000000000000000e+00 1.800000000000000000e+02
-7.000000000000000000e+00 -8.000000000000000000e+00 1.840000000000000000e+02
-1.000000000000000000e+01 -2.000000000000000000e+00 1.850000000000000000e+02
-9.000000000000000000e+00 -6.000000000000000000e+00 1.860000000000000000e+02
-2.000000000000000000e+00 -6.000000000000000000e+00 1.870000000000000000e+02
-1.100000000000000000e+01 -4.000000000000000000e+00 1.930000000000000000e+02
-2.000000000000000000e+00 -6.000000000000000000e+00 1.950000000000000000e+02
-5.000000000000000000e+00 -7.000000000000000000e+00 1.990000000000000000e+02
-7.000000000000000000e+00 -9.000000000000000000e+00 2.040000000000000000e+02
-6.000000000000000000e+00 -7.000000000000000000e+00 2.090000000000000000e+02
-1.000000000000000000e+00 -2.000000000000000000e+00 2.100000000000000000e+02
-5.000000000000000000e+00 -2.000000000000000000e+00 2.130000000000000000e+02
-1.200000000000000000e+01 -9.000000000000000000e+00 2.190000000000000000e+02
-9.000000000000000000e+00 -6.000000000000000000e+00 2.210000000000000000e+02
-1.500000000000000000e+01 0.000000000000000000e+00 2.220000000000000000e+02
-3.000000000000000000e+00 -4.000000000000000000e+00 2.260000000000000000e+02
-1.000000000000000000e+00 -4.000000000000000000e+00 2.270000000000000000e+02
-8.000000000000000000e+00 1.000000000000000000e+00 2.310000000000000000e+02
-7.000000000000000000e+00 3.000000000000000000e+00 2.360000000000000000e+02
-9.000000000000000000e+00 4.000000000000000000e+00 2.380000000000000000e+02
-4.000000000000000000e+00 3.000000000000000000e+00 2.400000000000000000e+02
-4.000000000000000000e+00 0.000000000000000000e+00 2.410000000000000000e+02
-2.000000000000000000e+00 1.000000000000000000e+00 2.480000000000000000e+02
-1.000000000000000000e+01 4.000000000000000000e+00 2.600000000000000000e+02
-5.000000000000000000e+00 3.000000000000000000e+00 2.610000000000000000e+02
-6.000000000000000000e+00 2.000000000000000000e+00 2.620000000000000000e+02
-5.000000000000000000e+00 1.000000000000000000e+00 2.630000000000000000e+02
-2.000000000000000000e+00 3.000000000000000000e+00 2.640000000000000000e+02
-2.000000000000000000e+00 3.000000000000000000e+00 2.650000000000000000e+02
-6.000000000000000000e+00 1.000000000000000000e+00 2.660000000000000000e+02
-7.000000000000000000e+00 4.000000000000000000e+00 2.680000000000000000e+02
-1.300000000000000000e+01 6.000000000000000000e+00 2.810000000000000000e+02
-8.000000000000000000e+00 1.000000000000000000e+00 3.010000000000000000e+02
-6.000000000000000000e+00 1.000000000000000000e+00 3.030000000000000000e+02
-2.000000000000000000e+00 1.000000000000000000e+00 3.190000000000000000e+02
-1.000000000000000000e+01 4.000000000000000000e+00 3.210000000000000000e+02
-1.300000000000000000e+01 6.000000000000000000e+00 3.300000000000000000e+02
-1.000000000000000000e+01 4.000000000000000000e+00 3.470000000000000000e+02
-3.000000000000000000e+00 1.000000000000000000e+00 4.150000000000000000e+02
-5.000000000000000000e+00 4.000000000000000000e+00 4.240000000000000000e+02
